234949 37415
210376 15479
210823 371617
211079 371935
234949 28
211100 257439
211029 257920
216006 204969
234876 23616
235350 237419
210570 257502
238246 257912
235203 447911
211091 433416
237419 454056
211124 258569
210305 8661
211047 443796
238217 440339
234876 321667
211024 438337
211025 444448
210305 14284
243657 140873
237880 444357
211129 377420
210425 21
23628 173551
235203 42340
238202 257950
214061 172984
210574 125427
237476 444565
211065 444490
234625 370239
238192 444588
238256 173061
210871 258393
37415 258671
211137 258918
234876 398859
237493 444539
234625 358379
238276 443716
210460 257717
210413 258699
210685 444566
235203 49985
238100 444352
211096 440950
238349 257632
238284 258935
50011 444352
210517 204969
234949 19159
234716 6415
235203 20716
210305 360168
211128 442924
234716 17435
211105 450513
211057 259033
210305 40759
234876 336803
234949 22712
235350 344669
249633 127358
211098 420638
210367 444493
210367 444438
237419 461295
235203 337018
238194 444435
235203 452444
40759 105625
234949 8554
238246 443719
234625 22786
234876 453298
210376 34189
210527 450693
210425 189611
234949 39895
238329 440950
461314 444556
238335 258628
234876 8505
210419 317645
234876 345337
235350 450522
237419 336961
210380 438327
210603 443340
210467 258189
238240 443998
238333 257549
237419 437682
228353 448612
211107 258767
237419 22217
520964 516978
520574 518121
521632 516596
518973 516399
522284 517041
520832 517728
680543 517839
521641 518290
521198 517054
521190 516369
521324 517250
519945 516507
520010 517692
518973 518622
520638 517324
520782 518560
521309 517151
520852 517111
520574 517505
520137 518377
521040 518083
520398 518390
521096 517701
519535 517756
521539 518568
519462 518347
519468 518663
521038 518148
519638 518914
521305 516409
520767 517246
521260 516834
521774 517549
521011 517082
519446 518507
520595 518084
521554 516566
521170 516915
521436 518691
520571 518577
520792 517293
521234 517159
521809 518705
519902 518414
521067 518319
521572 518748
520658 517571
521624 517422
519182 517268
521311 518584
520911 518906
520952 517744
521190 518877
521566 518192
520137 516383
522270 518371
522183 518880
521372 518048
520981 516415
520464 517674
520836 517344
522211 516990
521425 517948
521450 518216
521511 518019
520453 518366
519410 518900
521064 521552
520579 516383
519096 518854
518992 518881
521348 518685
521177 517014
519183 516667
521238 516730
520981 517226
520563 517288
521366 516749
518083 517842
520461 517101
521356 518790
521463 517467
521295 517246
521764 516563
521338 517164
521089 517890
521568 517546
520627 516572
520747 518421
521378 516507
520506 518264
521012 518586
521041 518816
516295 518760
518998 517167
520381 516470
521547 517512
520560 517825
520646 517821
520639 517692
517781 611200
516805 611231
601857 611093
518903 611197
521682 611123
518812 611115
522183 611038
517331 611064
516410 602663
521757 611100
516567 611192
517463 611052
521794 611095
518002 611108
517901 611128
516549 611053
518684 611061
517998 611191
680978 611194
518077 611091
517264 602596
516279 601674
518736 611170
517330 681947
517681 611225
521809 518566
518973 611188
517513 611167
469178 611079
516440 611195
522120 611025
521809 665948
517799 611191
521797 611242
522284 517799
518454 611188
518001 611221
516410 517085
516281 518896
516629 681860
521672 682747
517638 611229
517242 517425
517154 681881
589488 611183
517137 611123
606570 611108
516410 554493
517483 681887
517664 611165
517439 682907
518457 611107
516587 611129
516541 603621
516443 611125
521705 682850
516274 681171
602663 681945
516278 682185
603617 611043
517747 611083
521945 611206
494939 611031
682338 611102
516290 682851
518669 611132
517119 611102
492933 611064
516354 611063
516300 611174
518502 518903
518000 611234
521829 611223
518706 522120
517549 518764
518066 611134
517135 611101
516471 611109
518393 611068
516276 602521
518034 611197
518495 611144
516045 681021
518444 611073
518916 601851
516478 611105
518240 611199
517756 611230
516283 603437
516843 521757
516914 516655
522211 469178
522205 611075
518315 611173
517430 611022
517945 518669
518482 611183
517111 494927
516410 519666
516291 603531
244490 441037
220127 441003
254649 226727
210473 441388
258189 441109
211025 441487
211076 375271
210926 441453
228277 375249
210613 441130
242513 441296
254649 11500
228351 441345
254649 12684
211071 441142
211072 441141
210425 375273
184148 441141
242509 441360
210404 441050
253968 441492
212309 441487
184106 441312
220988 441317
253610 450779
211054 106279
242794 441421
253125 375353
210972 441010
254649 213821
210438 438160
254649 225302
211094 453825
254649 29412
210533 441387
447045 441187
210831 441432
254649 4011
4011 390054
211070 441366
226727 392439
210560 441215
29412 200550
254649 241227
211054 106506
210862 441074
254649 165158
218935 441108
498883 441031
253783 375343
253966 441284
14252 441069
238328 441056
29412 449341
254649 344854
210376 392468
210459 441258
228256 106488
210519 441302
211087 418660
106556 441048
211117 441436
254649 18602
211137 106596
254888 106345
210366 164406
228262 441087
253611 164717
388563 441167
253610 375215
210694 441306
213821 393767
344272 441145
210321 441021
253791 441239
210931 441076
340846 441066
210693 441314
254649 251335
241227 393774
211021 375111
254606 441328
214061 441426
254649 27480
393775 441331
165253 441282
453825 441448
448835 441000
254649 28425
211059 106315
27480 393567
210980 441275
29412 392680
165186 375118
184251 441330
330746 441216
254649 33548
211091 440997
184124 441057
243399 441447
521065 519524
520351 520174
519089 521355
520955 520550
519261 520044
519766 521221
520284 519784
521520 520284
520020 519304
519462 519590
520370 521639
518997 520458
519932 520132
521260 519304
519616 521308
518988 519512
601835 520022
520273 519150
521319 519436
521750 520310
680319 520546
519745 521448
520988 520196
520487 519957
519264 520641
520167 520347
519681 604667
521109 519762
520507 520132
520556 519568
519989 519784
519550 521337
519745 604649
519528 519518
519002 519537
602261 520369
519264 519407
520797 519978
520754 601835
517087 519828
519165 519957
518999 604253
521127 520753
521468 519436
469185 520487
521841 519261
519462 517859
521808 521188
520179 604326
519001 604489
519594 521090
519089 517414
520220 519076
519572 518112
519002 519505
519629 521011
517164 519020
521705 604399
519896 519043
521750 518189
602244 519612
519007 521372
520762 521011
520863 520260
520429 519612
520329 519664
519005 520885
521808 519424
519242 602357
519640 519871
519810 520251
520568 519871
604678 519326
520307 519113
519264 519856
519418 518191
521127 521468
521044 601835
520004 520431
519441 519282
521114 519806
522124 519524
517057 520303
521808 602527
520579 519720
519939 604544
519416 521515
519961 517943
518986 519479
521753 519815
521578 520546
521665 520546
519132 521569
519154 518353
520530 519957
604649 521015
601678 521631
521442 519392
520176 520132
519462 519715
521778 542131
554736 543220
521309 543959
520038 543542
519520 543242
516933 543288
520483 519300
520479 62032
521139 543312
521808 543568
520164 542106
513542 543300
518995 543096
521457 543356
518296 543267
520439 513700
520465 543874
520996 543324
519471 543338
521298 543917
520436 542108
516421 543247
521701 543037
520042 544025
520434 543238
519787 543972
520985 542860
521292 542838
520939 542170
521284 523963
519007 61846
521217 543352
520784 543367
601818 543216
520931 543170
519890 543262
519006 518789
518378 543338
520423 639000
520076 543441
520668 552538
521024 543285
519535 543217
520965 542937
520579 603379
602771 543738
521675 531940
518528 543265
518987 536033
521666 543283
520563 543232
518994 639833
520387 516421
520300 543328
521556 543310
520523 536087
520033 543232
519171 543222
520503 513701
518985 542112
520439 520173
519287 543542
518997 536055
520809 543303
604680 543308
520407 535655
521350 552539
521095 542123
520409 521019
520872 543068
520856 543961
520457 543741
518990 602619
520545 638588
520409 536417
521027 543627
521566 543373
520688 542085
521140 543740
520953 543559
522639 629232
519537 543749
520457 519046
521211 531930
518987 639925
521256 543341
520959 542120
521599 543229
520885 543441
520531 520953
521254 543024
521672 543501
520183 543543
520608 542990
516045 601671
519002 518400
520481 518548
521099 543021
520392 529871
521160 543873
517875 518442
516295 521636
522612 516734
518827 517119
518010 517780
602734 518844
517991 518669
518497 517298
517036 517975
518570 518557
518517 518354
521416 518738
517252 518776
602781 518160
518663 516513
518582 516526
517963 517197
518522 518761
517671 517076
517868 518901
522259 517996
518030 518064
517821 518039
518450 518014
518714 518441
543498 518778
518506 518931
518503 518477
682851 516852
516318 518692
517840 517158
518285 518278
517806 516711
516553 518085
517682 517755
604674 516412
516286 516363
518010 518070
518779 518849
521774 516465
638544 518856
518352 518687
518349 518620
517194 517867
517739 517340
517285 518840
518430 517783
516932 516412
517793 517687
516847 518386
516473 516318
521188 518739
517909 518482
518238 518490
517846 517535
516269 521472
543501 517984
517701 518761
521670 518938
517808 518334
522300 518149
606504 517885
517045 518792
518231 518571
682851 518086
517777 517069
518336 518808
516284 517424
518047 517238
518346 518323
518478 517096
518667 518532
518433 517086
522284 517368
518224 517033
518176 518206
606596 516274
521808 518255
517915 517324
517939 517555
517747 517962
518502 518096
518416 517890
517545 516724
518322 517573
517680 518129
518668 516577
518513 516419
518504 517438
518092 517749
517346 518840
518937 518871
522259 517250
521526 518886
518347 518679
517546 518441
517967 518345
516781 518061
683213 517464
518240 518891
208068 386790
208499 205020
208748 433433
208627 171088
208494 431881
208392 204963
208082 257959
208119 453719
208134 354298
208142 393628
208092 208499
208429 433459
208070 390244
208046 389842
208093 433475
208190 60841
208019 392409
208208 391139
208480 171094
208023 442588
208651 431475
208061 431264
208047 387106
208189 431829
208100 393012
208104 389556
208397 392189
208130 386696
208038 433148
208488 128076
208076 258967
208081 257568
208067 206007
208736 206329
208048 205727
208185 431258
208027 393664
208210 205059
208703 170871
208446 206418
208146 65125
208045 393731
208145 205346
208466 443008
208061 65134
208046 442548
208136 394200
208630 171415
208099 393951
208124 390040
208055 205764
208079 60861
208051 365047
208178 392204
208196 433963
208579 206213
208571 434125
208141 205523
208062 393632
208185 127650
208028 431468
208083 258244
208208 392559
208179 432184
208195 258494
208433 111822
208146 390617
208099 259085
208080 386707
208016 29574
208178 127849
208061 171008
208167 391026
208105 432797
208255 186957
208016 337725
208073 431914
208105 391060
208157 206280
208107 49774
208187 389976
208056 61341
208613 206212
208208 433099
401971 431493
208147 393149
433471 170878
208104 257677
208125 393739
208162 258004
208448 432164
208074 258371
337725 393641
208500 437953
29611 171263
208146 60794
208172 127656
208084 258841
208731 206214
208199 127869
110407 110196
110410 110284
110275 110284
110318 110210
110265 110319
110378 110359
110389 110371
110239 110345
110230 110304
110193 110196
110403 110303
110349 110358
110386 110361
110190 110410
110321 110191
110309 110388
110209 110386
110327 110318
110201 110302
110273 110249
110191 110281
110224 110236
110402 110415
110309 110262
110192 110337
110275 110316
110222 110187
110355 110317
110326 110217
110416 110396
110267 110305
110244 110351
110269 110207
110284 110354
110385 110272
110212 110324
110400 110267
110341 110340
110203 110391
110204 110340
110346 110369
110262 110259
110296 110188
110311 110340
110233 110197
110361 110245
110259 110219
110417 110347
110367 110211
110351 110260
110241 110388
110356 110258
110402 110355
110291 110241
110325 110358
110261 110360
110354 110237
110197 110394
110367 110360
110312 110215
110312 110413
110273 110226
110255 110406
110333 110292
110199 110379
110332 110240
110319 110405
110361 110355
110306 110353
110302 110250
110341 110218
110327 110336
110413 110263
110241 110402
110374 110317
110270 110275
110265 110347
110264 110284
110389 110249
110398 110372
110264 110201
110197 110300
110325 110305
110367 110294
110193 110224
110322 110236
110290 110248
110244 110260
110298 110269
110307 110190
110195 110223
110359 110216
110316 110393
110415 110232
110279 110246
110346 110387
110387 110290
110415 110406
110202 110370
110204 110314
210376 332072
210795 420683
225341 127496
237803 44474
215193 377618
210338 418871
237460 20111
249187 418826
237724 335174
235404 127523
242791 418509
210602 418440
243212 200267
210537 127086
441028 420557
211093 420369
211035 376237
210602 418598
225341 202113
220000 201786
40752 420018
258189 126592
238236 390912
248512 418313
237555 36989
243397 420278
389439 127176
237460 360573
210840 202122
210376 18913
246403 375601
210376 126085
389422 420916
211047 420326
392467 419971
184140 127289
237555 1793
254637 419825
211019 127212
211079 420930
441302 375481
231051 418365
389655 418424
394672 419994
238236 350779
210627 421080
238073 200026
210823 375979
213061 201488
211065 201891
210376 441360
211108 419052
394672 125549
394896 126339
237555 350086
14290 418234
210927 127142
237460 343968
450720 420912
243658 201474
210831 201500
249917 375597
210305 455722
350340 200724
238236 10919
388566 418908
220542 418295
10919 931
238073 349340
244340 377620
242796 202066
246934 377362
215040 127277
210305 35586
210867 418448
210337 418192
210582 419903
210961 202016
927 376189
350779 351101
210380 375419
21 421003
211100 418614
450737 420624
248855 420539
441359 419916
210358 201816
184144 419857
210557 438338
211124 127545
8293 420717
184149 417984
394657 201485
350779 332022
450695 418883
210772 199966
335609 420312
388563 420029
211036 199948
210376 6853
