219318 455232
210436 33454
210469 44144
249643 173800
210978 333577
210557 453738
210586 347079
241554 684667
217016 443486
211087 6705
211016 187567
210859 456378
211032 339214
211120 15336
211131 369500
246798 923
210543 41127
235406 16193
210777 32018
210499 7242
211050 125470
211092 373944
210968 418222
210486 386672
210305 24307
234876 120985
217020 13834
234950 164566
211042 16006
247679 64628
210808 360493
339214 348250
234718 7233
210619 23782
235384 16802
214322 127367
244686 445302
216018 349159
210369 356969
235200 44719
211138 459813
234626 27118
211007 15269
210373 36764
218188 258948
250548 450900
210770 5115
210690 445059
214319 438852
211021 326300
217947 156574
214699 357808
24305 24155
238324 156392
216693 322341
211127 23771
210662 430479
211056 101950
210566 455193
249917 342150
214698 25358
210606 37995
219484 18372
244103 323272
214848 13220
210419 44058
218278 25388
211670 455834
237624 174794
210975 259083
212618 12501
211666 38887
101950 15652
211046 199980
211050 31851
244367 320592
210483 108230
210970 34250
220987 32392
211096 118894
210367 418983
216522 18953
210946 27742
234951 20262
211009 338200
221415 36939
235055 215691
210528 127024
211067 324342
210868 347276
211117 41635
234625 164326
210711 684302
235059 41037
212619 322818
218525 118887
235055 443443
210688 40537
211077 38329
211012 341405
518989 516078
602583 517973
521825 517053
519122 518468
520009 518362
602769 516866
519795 517274
519228 518849
520824 516788
519167 516540
520956 519944
519992 517990
605630 516394
522089 518942
519572 518103
521103 517366
519112 518241
602397 518881
522518 516847
519826 517596
519327 518644
519848 517357
519246 517378
602208 518925
516219 516897
601908 517757
521366 516683
531948 518443
521332 517217
519474 517085
521708 517046
520179 518092
521225 516933
516854 517981
520968 517116
517935 517857
521411 516909
518174 516452
472261 517120
495262 517681
519271 518538
520210 516993
520619 518225
682324 518834
518533 517355
530149 517772
553315 516420
522183 518629
521143 519097
522371 518227
495109 518308
520392 517213
518520 517704
520519 517328
521278 518650
521349 519754
683446 516361
519592 516701
520938 683001
530269 517733
520019 516696
521937 516449
673723 517863
521381 517768
530162 516872
520845 517093
520812 516764
517837 518589
519007 602083
520770 518376
605045 518874
522117 518740
521072 681029
517270 516589
473373 517105
522637 518658
518040 517101
521245 493888
519486 518771
522466 518289
518323 518294
589802 517060
518631 518112
518643 518132
528492 516328
517253 516411
520868 518634
602681 517568
610186 517191
492941 517819
521223 521284
520324 518867
521108 603425
522301 520409
521001 519851
601668 517348
605767 517016
519002 672306
521096 603062
519806 517525
521702 650140
522270 673572
516694 598641
517889 599681
516932 520613
517960 680450
517965 531174
518070 650211
521812 461916
518690 521775
517938 471417
518728 527915
518150 680340
518316 630046
516587 602525
518668 530311
521675 517124
517877 527301
602781 599528
516474 602499
518200 600954
517187 520632
517981 516004
518205 520372
517844 549524
516300 520175
517971 520941
518321 474500
518415 604091
517803 519425
517330 472218
518302 515997
518439 599405
517655 602087
518212 604794
517688 602008
518197 520462
518676 519602
517817 461587
518693 674806
516694 365916
518718 522790
518714 627348
518913 603925
517815 494145
518281 606029
522607 599133
518509 637432
652711 611101
518583 521119
517439 530752
518766 646747
518420 490091
517756 528482
522286 602296
518148 518065
518024 516794
521841 598450
518181 599639
517330 517973
517436 517457
518581 669912
518094 638585
516385 650905
518375 610880
517143 526621
516947 604223
518537 522296
675433 611050
521768 521316
518849 520492
518588 526328
516287 641370
521775 526738
518807 525199
517242 541228
522643 495256
522259 604980
516717 653133
518416 649981
522285 640651
517827 527575
518280 637047
654422 611196
517571 623928
602775 605317
518481 519846
518493 605574
518094 605847
516519 525104
521658 517526
518461 605303
518869 517435
518684 518785
518931 518045
517238 611556
518072 649854
518199 492504
517242 654539
518195 611211
211099 165966
253780 347931
220985 405388
211065 162086
253976 36381
253461 387940
211140 455008
210621 390838
253460 156598
210756 237065
211121 438387
253302 335792
253953 212340
211106 44864
224019 441040
211119 386919
210380 258647
211128 447994
211010 390386
211059 33249
211086 440544
210840 231106
230932 394882
211119 168057
253616 213519
211056 394601
248265 419707
211032 321441
211101 107956
211043 36584
211564 352825
210846 34177
210305 246047
685076 106297
210693 446612
211113 403170
24318 391013
253461 358744
253752 438368
211097 10011
210305 252897
210543 319958
254330 390818
210938 244592
253125 246932
210951 386977
231049 394121
249187 126283
210697 240571
253965 164418
211036 220862
211114 321580
253968 394059
448761 441495
215994 375243
253285 3195
253549 441317
211113 26240
253451 122224
246932 394070
184279 109364
211004 49024
210627 3520
211280 390359
211089 4321
213460 127529
210380 230686
211073 1405
211057 27019
211104 393451
211052 25785
211024 320844
24289 392394
211138 230907
253976 32075
210476 441005
254649 292670
298850 441207
253288 212775
213453 441476
292712 392877
234764 375265
211034 5657
253302 22523
253791 200815
211013 38275
210770 106435
211034 258452
211085 21631
253780 27661
253543 375109
316239 441218
127326 441053
213944 105855
24293 390317
211104 8066
292834 126304
211115 226682
215764 363386
218936 419021
519855 519659
521401 519534
521164 520210
519507 520488
521545 519188
518154 519574
521617 520583
606601 520126
602257 520406
519005 520462
521632 521511
520901 519711
519744 521278
520788 520712
676117 520175
602735 520046
521075 519656
520190 519789
520494 519190
519328 520520
520265 519394
602232 519274
521708 516694
519706 520425
521029 519612
520789 521147
519394 519856
519653 520472
520349 516672
520214 520520
516282 519698
521262 516932
519136 520427
521438 520126
519330 518273
519906 519541
519627 519437
520216 521004
521149 521393
520499 521357
519616 602735
602231 521547
520471 521178
522443 519201
520466 519635
522647 520796
519345 521119
519751 518243
519566 521622
519609 521552
519828 519243
680630 520044
472370 520372
518983 516278
519308 675989
517878 520546
519738 520153
521103 520732
520918 521166
522621 521077
522267 519858
520727 519735
520911 680344
521687 520567
519147 680486
521238 519038
522211 680580
520056 520451
522122 519248
520949 521022
519003 516814
520087 680465
521705 606515
520220 520175
521633 680530
521139 519054
518111 519386
521660 519428
521684 680657
521278 520450
520048 493459
518237 519630
516554 520343
521211 680617
519988 519910
521645 680457
521318 680411
521817 680524
519375 520674
519593 521415
521075 521149
520768 680383
519596 521422
602247 519515
680463 493524
521237 520874
520982 519147
638522 520150
521978 680581
476308 519172
672779 543094
519674 532128
520614 530014
520607 530148
521753 550835
520539 664840
601656 629768
520234 62272
521194 638327
518986 647998
606512 529875
521317 542476
520493 538694
520461 494931
520409 538383
519847 638322
520999 638269
518586 536379
521564 542161
520091 543254
623977 542938
520226 638322
519528 543284
520280 543910
554493 542840
520270 543415
520459 544008
520397 611657
518995 525483
520475 599561
520815 638684
529862 543224
520523 471345
517261 543078
516475 542923
521282 529888
521188 524617
520349 638351
519910 543063
640313 543097
518569 536387
521527 529955
519671 542809
677216 531932
519769 536056
521142 519819
520524 520767
521750 529937
520433 474547
520350 638264
521053 554647
516924 601712
521364 519822
520405 518069
520875 530163
516972 543874
522286 543772
519917 543978
522261 524223
525470 543045
519845 543105
519729 602779
521311 541715
520478 542892
519116 664554
519003 552140
519003 599331
518064 542896
521275 521116
522608 531915
519073 516407
613397 543306
605759 543054
520795 542996
461600 543254
640278 488391
628125 543241
520485 519292
521599 529847
520276 532018
518123 494242
520482 543118
519224 543506
520443 683136
542090 536576
519689 521025
517770 543958
519281 544030
521226 543725
683277 536402
519680 524454
637482 543255
520301 638366
520561 640313
518995 589586
638391 664753
521840 519724
522647 519500
520722 543291
520577 514098
517251 516815
516279 605662
518533 521533
525397 518622
602525 518295
530824 516692
522246 517348
520893 517867
521368 516835
494660 518468
522402 517903
554706 518827
518113 518183
517726 517177
517156 517541
520461 518380
521199 517084
518980 516326
525534 517869
521702 638549
516402 518022
516844 517069
518369 519291
517496 517542
518929 517871
602439 518650
602613 517756
461573 517547
640385 517793
517141 516398
604734 518923
516391 518116
520963 516291
652762 518890
518373 530777
520638 517010
521382 518521
517813 611160
516818 518839
519604 516850
519858 516399
516291 461745
518781 520339
601148 516714
516458 516477
530053 517800
521674 520742
516281 602269
516963 518158
536223 517356
531938 518229
518234 517359
521948 518784
520853 516689
519397 516744
517729 516434
520621 517371
520379 517827
517354 518692
520141 517044
601656 598966
599403 517614
516290 653896
519607 518774
516291 653788
606586 518327
520855 518066
521778 516769
521400 516644
602558 518450
516286 525861
675526 516736
520953 518579
517386 517347
520617 517468
604676 517889
517909 517596
517963 520544
517480 521102
516295 469229
521702 638377
519683 518856
516282 514030
516555 518796
536661 517231
517638 517010
517420 517832
518426 518925
517571 518395
518359 493403
606556 518071
472190 518772
652820 518278
519809 516523
518851 518488
516124 518196
602332 516533
606550 518850
673632 517569
651305 516484
208727 322140
208140 4770
208737 381888
208615 429270
208070 194937
208694 21834
742 431103
208685 104011
208028 102327
208254 342681
208211 359237
208246 5206
208073 375254
208149 429869
208409 37248
208244 9937
208060 10955
208332 24617
208785 404269
208132 184642
208190 346542
208173 25135
208175 321735
208590 359596
208493 166296
208411 44287
208578 155600
438238 257772
208693 358925
208687 30290
208788 335868
208074 13743
208157 64225
208153 377031
208245 416970
208747 35659
208109 35686
208561 441021
208351 452743
208548 348942
208085 27291
208081 330314
208028 17733
208156 333458
208687 382229
208579 342621
208707 21849
208035 164791
208041 441540
208155 203219
208538 360717
30399 433450
208572 18461
208189 404552
208087 327778
208078 175888
208075 320843
208270 209980
208320 343659
208585 451363
208525 11587
208677 119099
208065 129671
208098 18786
208161 172619
208500 28201
208311 257124
208334 127898
208707 17882
208162 391656
208126 168925
208474 44587
175887 433098
208110 187829
208261 457961
208260 28869
208740 178658
35658 390504
208104 391946
208191 428757
208031 156429
208031 144031
208407 3251
208061 359301
208501 6870
208177 44535
441538 391442
377068 205721
208279 40226
208276 44233
256802 49834
208561 451714
208192 2692
106410 431131
208062 127683
208249 323923
208522 38894
208140 27933
64224 394765
208115 402340
110414 110303
110392 110331
110196 110304
110212 110128
110345 110269
110349 110186
110356 110438
110250 110310
110270 110287
110330 110351
110244 110155
110233 110256
110286 110132
110132 110334
110174 110310
110247 110407
110380 110437
110193 110268
110299 110440
110417 110415
110370 110189
110260 110365
110135 110298
110320 110426
110388 110216
110372 110203
110282 110216
110174 110412
110226 110203
110221 110175
110296 110248
110262 110301
110438 110247
110263 110302
110269 110232
110291 110428
110208 110216
110213 110440
110358 110264
110370 110328
110177 110232
110402 110215
110221 110162
110368 110333
110168 110244
110322 110239
110280 110284
110225 110238
110326 110296
110354 110327
110353 110128
110186 110411
110361 110261
110274 110144
110297 110212
110307 110394
110222 110426
110384 110397
110250 110312
110379 110144
110162 110321
110378 110398
110296 110128
110397 110162
110333 110174
110259 110282
110338 110422
110296 110339
110295 110219
110307 110204
110225 110411
110370 110382
110192 110315
110407 110412
110321 109959
110174 110248
110518 110240
110134 110251
110372 110188
110226 110349
110329 110264
110244 110398
110304 110442
110356 110411
110128 110393
110243 110327
110237 110152
110309 110340
110276 110285
110338 110318
110191 110158
110264 110293
110294 110268
110233 110240
110270 110282
110134 110367
110157 110245
110420 110245
110337 110298
110223 110189
238075 48903
210484 12065
16193 201358
23756 376611
219483 1625
253754 375693
250164 20283
237909 1015
210692 127895
24299 11100
254888 31797
237720 127537
254510 451561
212322 376310
685137 417988
217020 156613
210765 459851
254272 29892
403170 350174
237442 127516
210325 32935
216013 22747
231057 451255
210790 21630
211318 257989
242006 19659
210525 335613
210871 342330
354425 418420
219285 125929
216961 450787
34167 419413
211077 13827
441030 377345
184143 377073
248857 419490
214059 173041
254675 36809
210321 126743
242791 20084
210555 24451
228380 394853
210651 8085
211081 328462
255372 126219
217019 25275
231045 37311
445593 418830
210340 342477
231059 361081
7188 200280
210574 455050
253811 420520
254624 341000
210347 174306
219318 6408
212143 126726
249639 7175
24289 11686
237910 377915
237555 382380
210715 21217
22747 418382
253141 419436
244069 200108
249639 336682
215449 420549
172683 418875
451086 201779
215030 201205
254295 10992
246383 201653
211056 124616
225331 15126
244634 375949
211076 9715
210494 4956
219482 39730
342289 201713
249189 454657
212325 361094
210894 376386
210931 258742
210858 3914
215183 126920
438462 420441
211137 25229
254653 456929
210362 29915
237906 1475
450705 375583
217947 43135
249187 22349
211039 36400
212196 127102
214059 13264
249915 51188
254624 337376
250533 257767
210805 358415
