211135 11118
211087 42396
210535 36026
211095 333301
210543 330482
234624 158234
210379 350401
211100 2697
215042 17001
210355 10493
211077 349332
210565 347033
211045 363161
210605 345967
250167 35928
210498 28590
210327 448964
231049 337254
210539 319824
244103 456821
243212 42503
231061 34360
216014 341221
210645 441088
217758 406514
210662 258952
231045 1185
211053 360748
210946 27268
211093 358261
210321 334337
210797 342056
211045 359210
248855 338858
211101 12365
210696 2259
210856 32945
211083 38844
158234 117994
210609 8112
210974 1792
210543 161827
210778 8714
210335 1657
254637 33761
210350 351754
216016 452270
210324 26232
211075 328818
211058 332768
235204 340712
211050 34286
211119 321525
210557 332745
231061 349402
211003 17861
211078 437141
234949 439393
439435 12658
217691 49988
211017 42344
210826 346605
211043 12612
218730 339878
210337 2191
217947 338752
215766 8427
211032 14105
243656 44611
218730 20774
211046 448284
215041 346476
210611 62591
210378 40920
241560 350079
210347 175540
225329 320647
210615 29151
214057 22066
210326 7902
225329 44020
249635 9547
235198 36323
210870 347562
210324 448026
210688 347733
11118 358731
211134 167223
242133 4190
238332 13255
244367 343340
211081 159448
210711 27914
210765 28300
212312 385821
235055 187245
216524 3238
210478 160141
211093 451500
211033 361255
521142 516441
520919 517763
602211 517926
521585 517836
669571 518106
519591 517573
521215 516928
520820 518808
520658 518493
519839 518235
519117 518865
521720 518500
520489 518740
521475 518850
522568 516884
520776 516761
520938 516754
519682 518327
516125 517426
553314 518873
601663 517226
520408 521151
521011 519380
519847 517967
519712 518543
520204 517242
520179 516957
498463 516742
519657 518125
520581 520907
521684 517533
519809 516548
602211 518531
522453 518339
520291 519419
521410 520431
680559 518717
520411 520059
520615 517780
519249 517998
519152 518775
519585 518062
519157 518407
520080 517466
521700 516718
519906 518330
521705 519754
521396 519185
521311 518425
522652 517002
520739 517588
472367 517982
519178 517700
521521 517168
521998 518104
521297 516905
494909 518568
601713 516322
522636 518891
494926 517225
521036 517929
521354 521129
516338 518112
520514 518452
519599 518273
518421 518864
606624 516282
519603 517631
520718 517660
521507 521423
606600 516722
520397 520987
522379 516715
520522 516724
520944 519682
630177 518866
521212 519329
521447 518633
520467 516786
518710 518856
520815 516756
521815 519577
519555 516567
520686 519141
519557 518396
521464 520842
521096 516370
519240 516816
521161 518932
521232 516354
520097 516800
521252 519401
520728 517657
519807 517443
519894 516773
520471 629843
521358 517735
520978 518232
521076 521192
520615 517119
516292 543289
518069 602317
516273 680409
516781 602368
517874 603591
516285 675306
516585 646241
516415 611107
517625 611117
517793 606504
522320 683228
522084 611150
516269 654462
601656 605057
516980 606537
521187 611033
516271 603185
517395 544741
517242 522258
517438 611211
517571 474674
516432 525253
517956 611211
516277 516248
518526 602368
516980 643678
516285 606156
516344 672305
521695 603439
521672 522378
517373 650899
518341 602411
601656 525231
516276 517075
518098 517719
521672 647725
517693 602471
516288 529908
517655 603326
518745 517241
521942 611144
521705 604844
520734 611086
517973 602352
516410 529075
518777 602450
516277 654573
516288 521260
517417 471840
680558 611179
516585 605964
517391 680695
520506 611046
517571 520834
518800 520858
516694 549552
522130 611099
516980 650123
522565 611055
517549 518679
520394 611081
601656 654542
516278 674742
518559 611097
518281 680527
529112 611138
517648 602524
517216 520852
516410 671777
529075 606436
604674 601826
517919 680799
474674 680476
529921 611119
518502 517361
517734 680441
517571 602628
606559 602354
518778 520868
517505 645783
517439 672312
518709 652684
518068 602388
671742 517956
529124 611107
520715 611073
516388 461944
516366 525721
522207 611131
671659 611184
521004 611139
516290 529798
529908 518749
517341 602250
589649 611022
671897 611059
518429 683402
529089 602375
516410 682534
517395 675687
230766 441093
247250 441332
211021 201393
253287 201328
215996 441025
211102 418984
211125 160110
210579 418649
210505 420852
212317 422603
210603 201360
212196 441356
211388 441242
253783 237409
211073 431835
210693 106278
211016 375133
450884 441215
212124 441004
211073 377613
210329 441308
210713 419130
248499 441215
254649 434173
210888 441042
249146 441261
234651 441209
241062 441046
237452 441366
247410 441477
231361 441018
398701 441101
434435 441417
225347 256436
434226 441009
210777 106386
217689 441439
253610 50677
210838 441353
210639 166839
434254 441420
235412 375354
253783 342276
210373 106355
210893 441492
210701 441018
434430 441114
254649 2924
210305 430578
237512 441300
211670 106582
210305 405369
2937 449316
213325 441268
211050 376200
238272 441013
211101 126180
210797 106346
253124 258755
254649 3469
2924 219716
211054 257921
246591 441189
212155 441007
434173 22491
248837 441102
255682 441018
434845 441181
253783 342430
211100 49040
215696 441334
211028 432437
200614 441185
210528 375202
2924 348004
253783 9979
434335 441385
237775 441144
210993 441290
257062 441232
254649 322731
243349 441168
435614 441474
211058 435820
211095 65026
253124 43422
210605 106355
34294 441325
211028 375333
212309 441207
210711 258268
342511 200392
211136 64387
2929 376809
210320 441482
210697 435882
2924 434740
434173 26831
436262 441108
434637 109369
521102 521585
519571 520022
520495 519168
519578 521086
517739 519370
521128 520279
521424 521044
521326 521111
521815 521028
521158 520980
520775 519800
606609 521639
605471 521511
520827 520258
521779 520844
520484 519541
521258 521484
518983 520176
519292 519235
520139 519414
521305 519401
520249 520160
521650 520105
522210 520753
521407 520341
519982 521157
521159 520556
521806 520871
521454 520182
520935 520281
606608 520044
519600 520480
520740 519704
521058 674394
516074 520747
521076 519233
521505 521417
680543 522205
521093 519950
519067 521345
520494 521433
521053 520663
518981 602759
520516 520842
522104 519957
520924 519669
519594 521617
520157 604898
521345 520792
520777 520639
520875 520641
520754 602121
521290 520812
521421 519928
520628 520794
520959 519163
521390 601887
520457 520132
520513 520218
521445 520855
521833 519867
520754 519652
521426 601906
521083 520732
520463 521546
518998 639845
520927 519485
520944 519287
521121 519805
519961 517706
519681 514014
521329 521505
520817 520278
517195 520369
521493 518671
521768 521481
520502 519751
518285 519348
519594 518890
516977 519850
521208 520400
520863 519615
519832 602129
521353 517931
521032 623192
522649 519408
520286 520439
520939 521288
518988 638870
521812 521595
520821 521104
521318 520634
521754 638537
520884 520452
520736 519973
518987 543845
520819 520024
605575 519458
520827 606609
519659 638675
521228 517319
521406 554679
520625 517807
521344 517367
520137 518094
521685 544019
520232 543863
519962 542816
520270 518253
520395 532208
521544 543568
519008 518599
520544 542967
525182 543100
521540 523958
521506 669589
518994 542284
521415 518704
521412 552543
522564 543244
519114 543982
521752 638275
519068 542855
532163 666480
520395 543459
520656 532128
604792 543340
605057 543338
520649 518875
520471 667126
521642 518894
605789 543588
521603 543126
520525 640074
519572 553162
602620 518762
520401 646295
521551 517103
520386 521874
520595 530527
520395 516601
521445 517278
520511 471396
521719 543817
520523 523168
521300 638553
521769 516604
520775 517243
521831 517282
520469 604204
520549 602801
520671 542116
683434 543323
521169 518691
520493 522509
520513 498465
522456 542105
519564 543615
520451 650331
519778 552544
520603 517749
519744 536493
520492 517365
521383 543864
520419 517257
520453 61612
605781 516511
520762 518629
521392 517456
520227 542194
520757 666488
520704 683304
630187 542893
521215 602615
520969 638285
520405 630030
520676 517491
521487 530481
604882 543244
519756 543320
530110 544031
520521 61989
520535 605373
520651 517033
521003 518655
601716 518230
520335 543347
520459 527564
521636 544025
519613 543346
519444 543287
521705 602755
521418 571510
518983 543436
522573 531927
520751 516986
638553 543959
520385 530091
520872 531100
521122 530142
518870 518407
518623 517905
518722 517024
517045 517929
516428 517493
517725 549608
517637 517751
521760 518672
517361 517860
517693 604575
518940 516477
518626 518298
516269 629514
674945 517288
516981 518445
518232 516433
518785 516506
602221 516599
522601 517912
516900 517030
517817 525772
469185 521578
518196 516306
518164 516301
544049 517605
525245 517993
529798 475882
516933 518070
517834 518194
518021 517487
518821 516572
602489 518824
517236 518360
521677 518298
516269 654200
525212 517694
517725 526502
518174 521628
549567 518790
654215 517595
521676 518603
517703 640015
517884 517699
521984 518504
518047 518848
516740 517029
516294 518169
518939 521498
517884 517688
522643 516291
517000 518558
544049 516802
522257 518910
601852 516300
518093 518644
517939 629901
522178 518823
521820 521169
517175 518400
516906 518216
554511 516633
518930 518120
516290 461859
675400 517569
602700 517497
517756 518106
516269 628347
516279 382908
517920 516654
604683 518666
518271 516878
472366 518515
516670 518072
517388 518301
519063 518942
518629 517478
516286 646094
521750 601658
606595 517207
516666 516484
518600 516559
517045 518582
598450 518911
516272 522895
516312 517780
517507 517218
516287 599647
516292 526815
630179 518940
654196 517810
518078 461681
517696 518345
461646 517912
517958 518474
518236 517412
522289 517184
521801 517834
589712 516487
601831 517952
518151 518488
208040 23977
208404 392612
208025 457057
208210 360040
208640 394375
208016 338913
208084 2897
208035 34518
208172 10456
208029 35291
208051 19074
208082 39397
208148 26062
208077 439332
208147 338597
208133 206876
208138 16886
208033 43446
208750 25523
208470 61347
208178 19437
208284 369289
208163 391410
208071 157222
208190 340774
208037 25032
208463 128027
208162 259146
369484 386411
208027 155473
208025 25778
208114 365047
208131 348339
208073 321127
208121 12780
365047 49786
208046 11513
208029 19937
208047 445328
208580 390579
208033 392524
208534 365454
257135 431806
208180 456720
208176 332840
208058 108276
208095 2367
208697 392134
208163 431698
208031 35646
208060 458845
208073 360745
208588 257881
208082 358696
208623 171624
208189 359902
351201 433974
208166 7371
206877 117511
208049 684341
208016 208995
208714 391014
35291 394341
208167 397505
208539 208897
208109 175726
208177 448109
208082 3702
208182 25424
16885 386602
184261 431938
439071 434098
208152 341612
208146 63941
208168 37651
208198 336922
208316 390639
208097 210210
208169 448606
208179 63900
208191 5153
341612 258822
208725 431302
208116 445323
208148 31335
208194 354344
208046 17307
208119 431098
208118 207892
208144 19168
208142 257600
208092 435939
208056 442065
43448 432238
208121 431294
208438 62155
208063 358916
208170 347575
208685 393309
208200 387676
110359 110233
110414 110229
110367 110256
110234 110325
110320 110253
110357 110264
110302 110388
110357 110296
110304 110323
110323 110268
110230 110359
110266 110382
110378 110329
110309 110220
110330 110238
110233 110321
110209 110255
110240 110311
110327 110187
110249 110253
110299 110370
110217 110232
110352 110411
110409 110415
110309 110279
110392 110191
110299 110319
110209 110308
110230 110259
110297 110319
110371 110392
110341 110204
110312 110327
110413 110270
110246 110229
110408 110416
110329 110223
110191 110273
110369 110385
110256 110303
110365 110414
110289 110259
110260 110204
110414 110285
110264 110247
110338 110221
110356 110253
110365 110369
110416 110242
110220 110223
110408 110376
110397 110207
110220 110369
110236 110380
110412 110201
110306 110289
110211 110272
110359 110385
110332 110355
110309 110193
110407 110280
110330 110308
110198 110344
110337 110304
110324 110306
110316 110235
110345 110244
110366 110225
110315 110188
110397 110365
110350 110222
110393 110353
110188 110351
110398 110361
110315 110300
110370 110283
110295 110215
110264 110324
110252 110201
110251 110288
110279 110272
110218 110415
110256 110324
110310 110322
110396 110270
110282 110364
110346 110320
110303 110352
110262 110220
110303 110280
110236 110245
110371 110204
110355 110315
110415 110221
110205 110191
110260 110327
110388 110302
110290 110251
110263 110377
110390 110357
211068 418875
211060 19745
230638 127275
242995 442535
211077 10437
243372 127407
243399 200148
354884 377304
405238 125572
215044 199934
211102 1135
243628 419842
210425 14523
217020 420820
241056 127127
254606 200847
211058 376518
211040 3311
210823 9127
210380 360694
242513 258180
210635 201344
218547 201816
211066 28872
210305 430227
210831 5675
237727 377278
210860 418476
242468 202095
211133 157308
160141 127130
360700 420310
210753 376326
430237 126845
211058 25110
210696 375452
211060 334486
211079 375227
211132 5889
211046 34901
255386 418083
246122 377077
210563 164468
211026 17622
210576 442804
210713 325423
211089 2503
210486 156730
210946 202063
210971 259063
255421 418908
211038 346858
210651 201495
218491 420347
235394 126950
210615 2653
210363 257453
237908 9958
211031 126578
217243 419665
211131 14807
211127 14047
375227 420488
210606 258462
430227 12221
210331 420048
210570 452842
211096 454087
211133 28286
210313 126204
210415 201570
168678 418923
210615 376857
214311 420310
210438 126723
210693 206422
211043 348148
12353 420580
237725 3172
211108 200007
210965 200398
237461 35006
211116 34467
210662 200640
211051 33199
211037 160939
211023 259166
210576 447574
126578 200795
210703 419985
211123 257511
211065 37720
211081 1438
244817 420976
210369 34647
157308 450711
360116 200774
211081 11702
211032 351052
211028 340814
