235203 339409
211038 445066
234716 453237
234949 35325
235055 371227
210376 15052
234716 25491
234716 346006
234716 8165
210376 155786
235055 337130
235203 14853
210305 337665
235055 13781
234876 24295
235203 27165
210305 33734
234949 17280
210376 348119
235350 5011
210305 38901
235350 161784
235350 10777
5011 172139
211063 444875
234949 386201
235203 456333
235350 257596
235350 25080
235203 455478
25080 25211
234949 385816
234716 36354
210305 11399
161784 258969
211091 450677
234876 445264
5011 457613
210305 11662
235350 362879
5011 258208
234949 27061
234949 441304
235350 328836
235055 8722
25080 452304
234949 38784
234716 19993
328836 4887
25080 16521
10777 440827
210376 345015
235203 24071
5011 442561
234949 8312
161784 35711
234716 3328
161784 347005
234876 27360
161784 324195
362879 18239
235350 28717
235350 42403
161784 338969
235203 345678
10777 347660
210305 175253
5011 5781
42381 438854
257596 24474
257596 42524
161784 19973
10777 683794
257596 50029
25080 20417
235350 42092
161784 43988
42403 37877
257183 444364
42403 28513
10777 16548
235055 324986
235350 28234
235350 172134
235055 335419
234716 350403
28717 40696
234716 397968
234716 12109
28717 360495
234949 29783
235055 349511
42092 348654
210376 343604
42092 6664
25080 184577
234949 4910
28234 336131
10777 351484
42092 342927
521102 518243
520434 518750
519534 518842
521131 518916
520926 516792
521012 518516
520892 517445
520982 517820
520674 518902
518986 517912
521024 516990
521310 518786
520432 518920
521034 516690
521088 518501
518993 517792
521042 518501
521184 518848
518986 516411
520977 518838
518997 516571
521073 518774
521705 517030
521044 516273
520590 518786
520906 517956
518982 518108
520716 518900
516792 517996
521526 518884
518995 517821
521777 518704
520920 518350
521060 518011
519003 516630
521002 518698
520966 518390
518990 517720
521032 518607
521076 518631
518995 518457
521006 518669
520294 518818
521777 516833
520936 516439
521808 516848
521074 516280
519004 517984
520519 518914
520940 520590
521078 516881
520984 518418
520892 517524
520894 516647
519003 518869
520958 518429
521048 516406
521199 518872
521101 518892
520732 518918
521076 517284
520928 516506
521612 518790
521092 518429
520580 518860
520962 518868
521775 518866
521107 518904
520940 518199
520705 518738
520599 518746
520908 516601
518987 516963
520895 518788
520900 518617
518994 517159
518987 520977
521036 518120
518669 518820
521072 517750
521032 517898
521062 516333
518980 517556
520992 517025
521105 518822
520912 517629
522269 518924
521046 518404
518999 518430
521044 517567
520708 518832
521058 518878
521034 517318
521024 517806
521196 518814
517806 518862
521777 518298
521102 517081
520904 518175
521560 518864
518600 611068
517983 611108
518555 611061
518763 611193
518819 611039
518664 611194
518849 611084
518676 611115
518730 611112
518388 611162
517194 611125
517855 611070
516826 611195
516454 611128
605789 611159
518745 611218
517694 611245
518583 611175
518592 611152
518792 611055
521786 611172
518153 611139
517769 611151
517813 611025
517860 611125
517931 611028
518154 611139
518439 611120
518501 611134
518406 611109
518916 611068
517976 611044
518347 611218
518431 611098
518385 611241
604674 611088
517682 611166
518610 611086
518007 611057
517633 611083
518049 611192
518514 611083
518842 611205
518151 611028
517441 611026
516273 611198
518526 611215
517936 611057
517918 611061
518118 611043
518372 611093
516910 611109
517611 611211
518655 611162
517945 611172
518052 611227
518270 611209
518299 611242
522204 611195
518756 611139
517417 611035
517297 611194
518082 611113
518831 611194
517819 611030
522282 611174
518684 611144
517304 611036
518756 611120
518506 611221
518001 611214
518767 611150
518158 611024
517780 611226
517480 611067
517906 611078
518807 611061
517686 611124
518334 611231
518115 611057
518161 611136
518819 611146
518068 611140
518455 611056
517545 611020
517825 611215
516833 611105
518270 611074
518491 611105
517969 611185
517724 611235
601792 611191
516760 517686
517864 611035
518184 611176
518182 611240
518530 611238
518315 611152
518767 611127
518238 611230
253460 208989
211071 441066
211111 441354
211132 441066
253285 441109
210528 441265
253968 441354
254649 392809
211013 441407
211033 441065
210823 441032
211124 441261
210305 49058
211039 441209
211073 441167
394861 441392
211033 441019
210460 441189
211101 441349
253287 418634
211054 441046
211057 441286
211083 441068
210609 441357
253610 441419
210676 441055
389546 441307
389549 440997
253459 441385
254649 421017
211137 441432
420717 441481
211072 441156
389491 441463
253783 375328
211140 441385
392809 375222
211137 441361
211085 441179
254649 202052
388546 441269
202062 441089
254649 166722
253610 106343
254649 420501
211099 441232
202029 441175
420377 441094
253783 106528
253965 441241
421012 441245
254649 126112
253460 441443
211136 441404
210320 441108
211059 441380
211036 441296
211121 441377
389553 441124
392809 441155
420027 441416
388554 441473
253968 106583
211029 441124
211070 441449
420542 441255
210676 441385
254649 375951
375743 441474
418206 441461
389491 441162
375578 441060
210846 440998
254649 258693
420962 441429
202030 441205
392819 441185
253601 441181
254649 392286
210615 441351
255469 441053
389404 441208
253125 441377
211116 441464
211033 441026
210570 441323
202034 441161
165838 441473
211133 441317
420849 441077
211107 441424
255886 441267
257289 441140
253601 441055
257305 441038
419775 441252
257287 441365
166727 441165
11399 441128
421006 441204
521553 519634
521288 521507
520950 519392
521406 521631
520520 519935
521793 520238
521358 519480
520691 519720
521606 519238
520264 520763
519110 519480
521139 519871
519001 521476
602620 520303
521065 520196
521211 519677
521273 520260
521467 519238
521455 520260
520782 519741
521311 519260
521430 521011
521786 519784
521190 519020
519875 521612
519723 520216
521705 521273
521824 520282
521809 521534
520537 519784
522285 519699
519703 519063
521216 519590
520968 519260
519534 519458
521184 519914
521751 519784
519896 521480
519182 520022
601663 519020
520264 520190
521338 520088
519951 519828
520636 519260
519276 519762
520916 519957
520500 520044
519724 521455
520860 519720
521459 519194
520403 520110
520264 522190
520373 521552
520329 519978
520813 521515
519199 521606
519154 521184
521143 519194
518984 521526
520025 519172
520453 519238
520993 520066
520330 519546
601682 519238
521415 520453
519843 519238
519293 519590
521491 520110
521672 520196
520781 519063
520890 519480
520264 518629
606559 520238
519177 520453
520264 519523
521016 519871
521396 519041
520335 519502
520526 519414
521134 519871
519051 520282
521750 520000
520510 520153
520026 520523
521275 521507
520199 520753
520286 519056
519528 521824
520502 521011
520762 520747
520270 519150
521777 519056
519745 520022
518980 520491
521220 520196
520874 519741
519859 519762
521363 520110
519902 519914
520054 519150
521330 542111
520965 543233
519095 543269
521804 543335
521755 543326
520437 542958
518991 530166
520960 543541
518995 543817
520457 543232
520862 543294
520535 542870
520718 544018
521158 543313
521635 543303
520560 544017
520854 543245
520421 536391
521258 543248
520897 543293
520803 544035
520495 536395
520784 543304
520917 543302
520421 543638
520454 542083
520865 543318
520054 544024
521303 543333
520793 543329
521219 543252
520427 520803
520676 543224
520452 543233
518997 543243
521422 543281
520411 543326
521201 542082
521397 542135
520571 543500
520379 543264
520585 543362
520501 543261
520248 544016
520291 543308
521423 543543
520655 543278
520936 543217
522301 543235
520923 544019
520920 542135
520463 542091
520457 520854
521049 543328
521278 543235
520313 543281
520527 543844
521101 543337
521833 544035
521131 543296
521411 542135
518993 542127
520825 543220
520715 543269
520294 520803
520207 544015
520607 543317
520675 543291
521672 542957
520825 543266
521224 543243
519767 543321
520419 543077
521275 543251
520529 542854
521324 543262
520098 543310
520121 544035
519859 543254
520555 543293
519000 543244
520455 519839
520622 543219
520449 536400
521363 543306
520955 542090
521367 543249
520820 543349
520539 543296
520473 543357
520999 543253
520414 543266
520551 653163
522284 543308
520940 543227
520497 543863
520399 542922
516571 543277
520497 536551
518989 543070
516276 517015
521672 517228
518403 518782
521690 518808
518303 518537
518795 518746
518078 518108
518237 518904
518593 518744
518261 518760
518813 518822
516268 517544
517691 518924
516271 518728
518933 518748
518697 518782
517064 518850
516273 517560
517859 518898
517703 518747
516275 518548
521753 518728
518423 518842
518456 518898
516559 518920
517729 517060
518130 517202
517813 518051
516289 518339
518095 518872
516284 516549
517813 516668
516287 517474
517727 516595
517731 516660
517791 518866
518515 518420
517958 518882
521752 518775
518037 518818
516284 521466
516772 518914
521753 520732
516888 518790
516291 518407
518643 518838
516287 517695
517693 517750
518542 518740
516290 517997
518644 518844
518917 518920
516273 517887
517885 521526
516294 517600
517763 518874
517724 518848
518078 518143
518107 518918
518655 518874
517740 518848
516283 518311
518783 518868
518303 518013
517859 518790
518552 518920
518841 518796
518303 516348
518303 517460
517834 518776
521671 518872
517732 518774
516559 518778
518249 518810
521777 518507
517938 518794
601656 517204
518295 518916
516289 518078
518103 518892
516289 518850
517999 518904
518835 518940
518017 518822
516269 517622
516294 517687
518014 518840
516275 517250
516278 516402
517740 518830
517923 518870
518186 518742
517725 516987
518829 518912
518297 518926
517997 516417
517059 518882
516291 516477
601656 517818
516275 516828
208134 433035
208092 431841
208073 461283
208188 431912
208056 171457
208143 207928
208187 432173
208295 171502
208199 171296
208066 127558
208100 171391
208135 49774
431841 170987
208153 433165
208113 431950
208164 386437
208490 431493
208071 430967
208139 461325
208079 431814
208194 170604
208208 431050
208166 433119
208182 60522
208206 61841
208149 431468
208037 431950
208154 170873
208186 60837
208285 433124
208334 431848
208019 433419
208526 170979
208148 431844
208361 432196
208103 171047
208031 433139
208151 210300
208154 171261
208052 431496
208752 434122
208083 433853
208029 170600
208016 392907
208165 433963
208272 171055
208523 170980
208366 171010
208164 431966
208466 171055
208043 171192
208456 171102
208100 433140
170600 171206
208158 207273
433119 171208
208106 433460
208141 206220
208100 433043
208560 433142
208253 171055
208141 386418
208160 50424
208518 170870
208312 170994
208146 171100
208080 207992
208536 171411
208252 386595
208205 433100
208092 49830
208036 438321
208149 434122
208124 205753
208760 431819
208020 442565
208077 60453
208387 431054
208113 433108
208188 431073
208121 386962
208195 171090
208113 61278
208042 431855
386437 171099
208028 208113
208022 205784
208073 430968
208096 386594
208337 171090
208091 438325
208022 206243
208360 433141
208142 117584
208207 461354
208217 171059
208136 434131
208071 431052
208153 204984
208196 186963
110302 110410
110195 110205
110362 110386
110360 110400
110247 110354
110252 110343
110201 110405
110371 110349
110307 110383
110375 110286
110212 110416
110316 110314
110402 110278
110218 110376
110247 110291
110282 110188
110387 110368
110377 110188
110195 110265
110344 110358
110288 110363
110377 110389
110205 110241
110229 110361
110271 110352
110240 110187
110335 110290
110247 110400
110319 110416
110265 110399
110224 110416
110250 110229
110281 110278
110219 110229
110212 110331
110379 110226
110246 110207
110359 110294
110391 110347
110355 110330
110373 110292
110348 110257
110399 110308
110274 110325
110367 110250
110226 110199
110270 110293
110196 110261
110384 110334
110295 110312
110403 110296
110398 110295
110258 110323
110375 110247
110331 110363
110243 110280
110402 110379
110237 110366
110331 110253
110288 110358
110268 110385
110327 110201
110230 110235
110220 110322
110192 110215
110346 110297
110271 110305
110399 110241
110358 110278
110350 110369
110197 110273
110265 110194
110317 110313
110315 110215
110239 110259
110218 110226
110265 110311
110243 110282
110229 110290
110222 110415
110327 110251
110239 110365
110214 110384
110284 110403
110367 110324
110397 110280
110356 110405
110368 110222
110369 110267
110373 110320
110414 110307
110396 110187
110287 110251
110228 110400
110277 110283
110354 110303
110223 110266
110284 110186
110281 110286
110273 110205
210951 377601
211138 420593
210615 201795
210651 199990
211020 202123
211080 377622
210376 127083
211123 377302
211037 418419
210840 420372
11399 201613
211126 418609
210310 376982
210563 418569
211075 420644
210367 125653
11662 420501
210694 418429
237804 418520
210537 200097
210305 419980
11399 420012
419980 127290
238236 345190
210376 376349
345190 375905
210406 420512
238236 241956
211136 127464
211141 420639
238236 243162
210621 377554
238236 355947
210714 420538
211040 202094
211099 202058
211091 420461
345190 200745
211092 377522
211135 418742
211140 418918
211097 200775
210694 418266
211019 418718
238236 359542
360480 420719
211088 420580
211115 127501
210376 376297
211091 420905
376349 420633
211057 199978
238236 252940
211061 420314
211023 201795
211016 420616
238070 200438
238236 240681
211013 418570
345190 200893
211028 377637
238236 29238
29238 258199
29254 418859
254638 377216
210419 420373
238236 362651
211028 377332
254581 418336
355947 126567
211104 418057
238236 321770
211115 202030
211079 418378
254632 418656
211140 420301
211038 420350
211133 375574
401873 420688
321770 200073
238236 17556
240968 125669
240681 375940
211045 200282
211082 200267
359538 418450
17556 419045
211026 377296
238236 399556
240681 376133
254627 420624
211102 202126
238236 36645
210305 375430
254579 201996
29227 420833
237461 127441
211131 202045
238236 12796
211044 377311
