440096 440080
217021 210305
211050 217019
231403 210376
210930 210685
211035 210376
210313 210983
450721 450728
235052 234876
235416 210376
210943 210951
242917 210376
211053 217752
450791 450734
441009 441011
210957 210963
211062 210305
242917 210305
254624 210376
210639 210380
385576 438238
444555 444569
64030 64387
228360 210376
445055 445066
210648 210938
449410 438238
441034 441024
211035 214547
450771 451020
363104 438238
211126 210376
450676 450707
210644 210358
210821 210819
450697 450713
444163 438238
248855 210305
234625 234877
243658 210376
210769 210770
450765 450762
434148 386184
441032 441007
450822 451019
210989 210951
450769 450724
249917 210305
210983 210974
219482 210305
225719 210305
450770 450676
235352 234877
211056 210376
225337 210305
235344 210305
210515 210516
210897 254888
211072 210376
210443 210435
440087 438238
257183 255561
441092 441033
242512 210305
450894 450707
446626 446629
210543 210320
220317 210305
220984 210376
210493 210938
250646 210305
249915 210376
241554 210376
210348 210358
241552 210376
184272 444426
249633 210376
441434 438238
210868 210938
249186 210305
449133 449151
254641 210376
210491 210320
445560 438238
235203 234624
430462 438238
445295 254913
210676 211013
450695 105941
446626 438238
440814 438238
210445 210983
456615 450917
218558 210305
247679 210305
210570 210565
231055 210376
231406 210305
398916 444392
214061 210376
520650 520674
521998 521809
517828 517812
521602 518991
517763 516275
522324 516045
520971 519006
521618 518988
521998 521777
520972 521104
520975 521753
517761 516294
518405 516292
519003 521589
517973 518005
517809 521752
520874 521777
521774 521750
521424 521398
518934 518792
518685 601656
520985 521705
518628 521808
521801 522655
517906 517902
518421 516283
521398 521160
518426 518654
518549 517612
517945 601656
522274 522320
518282 518216
521608 518992
521257 518993
519493 518983
518106 516284
520912 521672
519183 520314
517435 516278
520728 520854
519895 519007
520426 521777
519000 519005
521437 521705
520904 521090
517845 516282
522647 521750
518397 516290
518407 516268
520559 520395
521122 521272
520571 520380
517999 516280
517848 517776
518067 521750
518944 521753
521096 520896
518653 521753
520647 518985
517722 516278
521386 521148
521016 516045
520622 519002
518396 518374
518893 521808
521342 518985
518365 522320
520686 519002
517741 516280
518052 516276
516294 516272
518567 517319
521260 521308
520566 601656
520601 520692
517751 516288
517850 516045
521586 521546
518926 516292
520507 520543
518169 517430
518792 518806
518294 516280
521774 601656
520810 521753
521148 521412
520830 516045
522274 521752
520141 520291
520662 521752
520953 518993
516925 516292
518732 518640
520669 518980
517698 516277
517870 516291
520646 520587
518291 516582
521218 521374
516211 521705
522270 521752
518835 517538
517984 517582
638551 638277
516893 516520
518369 516903
521731 521752
516368 521752
517180 517509
521687 521751
516766 516290
517667 516308
516722 521752
521667 521808
528480 473367
518425 517386
517294 516288
602614 601851
516317 516953
516414 516293
602530 601852
517238 521705
518671 516290
517231 517253
517722 517730
518798 518788
469185 469178
516756 516271
517715 517023
518864 518942
517357 517270
606624 606626
517441 516609
516712 516406
521685 521750
675799 601656
602201 601851
517554 516853
518291 517087
518064 516271
602353 602261
638570 638386
516867 516272
518546 521752
601672 605783
602561 602261
517614 516935
638543 638330
517797 516280
518134 516291
602488 601656
606581 602771
518433 516508
605766 604898
602315 602261
522268 521809
517414 517436
518113 518087
517599 516482
518677 516881
517965 517944
602343 601852
606570 680319
683300 683306
517112 516586
517478 521752
517394 517570
522283 521672
517692 517702
516882 516291
518368 521777
680773 680967
518345 516407
517965 517950
518545 516274
518344 516274
517193 516269
516045 522607
517822 517690
683272 683288
517652 517564
517387 516708
518886 518792
517092 522320
518825 521672
517578 522320
516612 516273
602595 601852
522510 522320
602460 606559
611250 611021
602346 601852
518461 517057
516675 516610
522475 521672
518401 516465
602551 606559
638309 638280
516941 516502
518111 516272
221649 210376
441144 441381
441402 441421
441033 440988
210756 210380
245871 210376
210591 254888
441238 441438
210356 210983
210435 210871
211017 254647
441197 440988
211094 210376
211110 245494
253124 253317
210661 210871
441458 441470
450721 450770
210519 210871
248220 210305
212325 210376
253124 210376
242283 210305
441053 441087
211023 212317
441152 441136
253452 210305
249636 210305
441348 441226
216522 210305
210626 210951
215193 210376
244340 210376
441374 441260
242995 210305
211054 210376
441102 441033
210849 210938
441257 441331
211032 214067
441148 438238
441273 441327
441439 441492
210450 211016
211141 250809
441098 441226
231043 210305
253893 253565
215768 210305
441027 440988
210759 254888
450818 450710
441108 441136
441458 438238
210579 210320
253952 210376
254651 253461
241556 210376
210940 210983
211030 213604
211670 210376
228378 210305
450714 450735
441275 441350
253458 253123
441350 441338
216009 210376
441427 441438
210811 210856
211105 210305
450731 450715
441417 441438
250174 210305
210365 210856
210523 210310
441274 438238
210958 210983
211425 210376
228349 210305
248455 210376
444880 441028
250315 210305
212313 210305
441126 441120
441074 441097
440998 441002
210835 210856
441452 441451
441342 441438
210482 210485
450678 451019
441189 441160
211108 210376
254598 210305
210982 210651
211051 217243
210713 210856
211102 210376
247436 210305
253768 253769
521596 521496
521109 518985
519321 519003
519998 518989
520926 521106
520317 519208
521291 518988
519652 519389
520468 518991
519535 519644
521210 521340
521213 519119
520766 520854
521551 518997
521557 520137
521247 519404
520705 519046
519869 518990
520060 520341
519957 519370
521515 519935
520029 518993
521391 519395
521203 519419
520299 519016
520259 519369
521196 521226
520041 520344
519694 519255
519222 520006
520998 520982
520975 519551
519136 519857
520997 519005
519772 520184
520269 519003
521269 518996
521609 518985
519293 519773
520570 518987
519339 519032
520372 518994
521251 519000
519919 519725
520331 519047
520874 520870
520145 518992
519035 518993
521148 521118
519884 518999
520378 518997
520287 519529
521349 519105
521441 519505
520555 520483
519388 519737
520634 520716
520272 518984
519499 519868
520303 518986
520025 518997
521501 519802
520291 520204
521251 518997
519603 518999
520518 518990
519872 519305
519367 518995
519647 519428
521252 521178
519452 519951
519509 519920
520603 520595
519631 520129
519658 518999
521382 521170
519914 518983
521104 518984
520666 520603
520256 519476
520453 520495
521478 521488
520515 520467
519839 520055
519500 519760
519428 519006
520970 518995
519181 519922
520850 519001
519889 518988
520252 519384
519537 519775
520133 520304
519998 519804
519915 519107
519626 519006
521249 519006
521611 519287
521265 519001
519621 520009
532003 531988
602766 602773
520752 520748
520600 518983
520481 521777
531819 536104
520880 520814
519838 516045
520769 521705
520791 520164
520643 518992
520431 520421
521553 521751
521197 518986
520420 518980
520567 518995
520671 518990
521482 521586
520836 601656
519380 519006
520973 519006
520537 520380
520741 518995
522314 522655
520425 520481
521178 521228
520383 518984
543309 542089
638373 638365
520781 518987
606556 602764
530098 532009
519007 521097
520650 518980
521529 519559
629225 629232
521100 519004
520957 518986
543335 543555
520583 519001
520881 601656
520485 520475
519556 518992
520934 520956
521386 521236
520967 521705
602286 542082
521779 521752
520876 520866
520675 519680
601688 601685
522607 522655
536057 536084
531956 531955
543304 543225
520974 521026
601656 606580
531825 531818
520595 519005
521477 518992
522202 522655
521133 519005
520003 518987
683394 683254
522286 521750
520913 519003
520720 518986
520540 518998
589639 589646
520839 521750
520675 520350
520806 521808
522639 601656
521623 519001
520796 519001
521644 521492
532088 532235
638327 638330
601673 606559
521841 521777
638544 638548
638541 602681
519029 519446
530102 532001
520520 518990
520480 521809
521011 518983
520986 521016
520526 518995
520512 518994
521080 521092
531823 531818
521365 519363
520486 519559
520386 520461
520645 518982
530079 530591
520411 520502
521500 521530
543222 542089
518500 518494
517418 516301
518620 518478
521750 521695
518402 518226
518393 517430
517388 516275
522284 522320
518412 518188
518388 518366
516323 516278
518709 516925
517421 517246
517660 516291
516970 516444
518829 516729
516630 516291
518837 516311
517493 516880
517673 516278
518358 516292
518710 518732
517306 521752
516451 521777
516575 516970
517132 517373
517606 517474
516891 516299
518447 516442
516680 521809
516947 517494
517337 516276
516871 516739
518750 518858
518933 516292
518208 518296
517910 516270
517722 516270
517193 516278
517205 516789
517947 516269
516599 517168
516723 516288
