41228 8531
9129 6508
5962 1618
41228 3599
62050 5224
4451 18888
41228 9775
2710 6174
41228 24730
187 6174
24730 6482
8531 4560
28433 74989
2867 11201
24730 3971
143 10750
41228 18885
24730 334
16936 5382
41228 73592
18885 12408
36499 21695
8531 1455
41228 37204
45645 21695
4314 58541
9775 28390
41228 12500
37204 2408
41228 73653
12500 8911
3599 10519
4560 4069
73653 5760
37204 26677
9313 36499
41228 55684
41228 5912
4338 58541
41228 18174
11536 36499
24730 21435
73653 38448
41228 24162
18885 22550
9775 10395
24164 3039
41228 15155
37204 34257
41228 19188
3599 1107
41228 74578
18218 36499
37204 6519
18885 8911
136 15945
28916 45645
24730 35077
41228 64236
4760 36499
41228 38485
15155 29279
38485 2420
24730 20106
73592 11646
41228 41454
1392 3514
41228 56748
27022 1618
41228 6912
37 18888
41454 21436
6912 5259
41228 21435
41228 11581
41454 31374
73653 2288
30392 21695
33089 15802
56748 22551
41228 72811
19188 5956
18174 58069
72811 7951
38485 12976
73592 4975
64236 3955
41228 32485
16956 9994
10370 21695
16653 5323
9775 4041
996 30392
28433 30767
10599 5059
17074 1577
32485 28427
10519 19192
12976 21705
32483 4578
3872 48108
324 48108
1405 11313
75090 11354
2479 20821
8292 48108
75090 20119
17200 48110
2872 48110
75090 17508
75090 4175
72112 48108
17508 18124
22777 48108
75090 17702
75090 21299
3841 17099
1398 1204
75090 35590
3864 20821
75090 54003
4045 72112
5095 48108
11354 5675
2862 48108
4175 2476
431 1450
17508 3953
1204 43
54003 21965
4391 22777
10981 3872
75090 50867
1398 4177
3953 8270
11354 33079
50867 45303
14276 48108
10705 48108
75090 42925
4175 2063
75090 71782
1398 9995
20119 1933
2284 37023
187 8292
42925 1365
556 2629
5253 20821
453 17099
4175 10869
12437 48108
50867 338
75090 36040
17702 20427
17508 15117
75090 25037
8159 14276
75090 71758
54003 6322
1863 72112
35590 1242
75090 21197
17702 915
11354 38218
25037 3224
1779 9171
25037 12237
50867 12497
6732 22777
26775 20821
4175 7933
7933 24836
35590 24357
743 8292
75090 3136
42925 164
75090 18554
20119 9326
4407 1200
4501 195
4616 1035
50867 12427
75090 3437
1897 72112
54003 3859
4175 29371
25037 956
3965 48108
50867 19878
2444 14786
19123 10705
20577 48108
75090 57262
20119 46899
75090 73390
73390 3960
21299 16033
71782 8697
6608 48108
50867 20119
42800 41561
5604 41561
23679 41561
7318 66249
2536 6613
50867 23377
50867 14004
50867 42546
5208 41561
1719 47317
42921 41561
25471 23679
4168 29486
14004 10265
21857 5104
23377 21310
12427 26377
40386 41561
5263 66249
50867 23644
3260 42921
918 6681
102 40386
9326 32043
50867 10905
23377 20768
131 42800
50867 18858
50867 41024
582 42921
1473 37777
12436 40386
23377 42893
50867 21505
338 2712
38977 41561
50867 33197
24239 5276
41217 38977
13799 40386
12427 5173
24674 37782
1018 42800
6658 42921
17688 1018
42546 33208
186 42921
408 41561
12427 13720
14004 4389
50867 8949
28898 41561
41024 31877
50867 57350
6628 41561
19878 1664
3170 5604
23377 7962
39897 41561
12560 66249
1719 3684
366 66249
18858 19731
8949 4832
14004 10248
295 3951
1181 3389
737 33297
50867 13996
23377 10314
20119 9468
1719 4546
18858 7175
32713 24549
33197 8122
53887 41561
21857 99
10905 9622
45303 14014
8949 14946
41024 19722
12497 13910
50867 18295
61908 41561
12427 452
21857 10392
23377 511
19878 40086
4955 10642
50867 9226
1029 34108
13996 9947
24090 42921
10905 30272
8949 6659
15599 5604
21857 3295
33197 1979
37782 66249
62011 2321
62011 41845
62011 3697
62011 18340
14263 30230
55 3220
1895 3220
62011 22441
194 30230
5978 30230
8508 30230
3697 3968
14784 30230
5128 30230
41845 5103
18340 7067
62011 4981
62011 2420
4357 1702
28350 3783
62011 71511
36224 30230
779 7959
6732 14263
75161 30230
10849 30230
6565 7252
8426 1409
74119 14784
62011 18991
4338 30227
28350 133
18350 30230
18340 8412
62011 4139
18340 6516
22947 55760
380 75161
11375 2275
2420 12937
22441 19049
23003 14263
4981 11770
22 8541
22441 2736
62011 31836
28350 1289
62011 5305
13198 75161
2097 30230
22441 10772
71511 14478
41845 38488
71511 42057
3043 5128
12618 30230
4139 27617
22476 30230
4416 5959
990 1907
3697 11349
19013 2040
26416 18350
1037 10849
66341 11252
62011 4164
4947 75161
737 13267
2420 764
11746 1545
22803 2097
17008 10849
12587 30230
2420 1479
33495 30230
10838 33495
11349 6010
62011 3439
10434 30230
2321 5812
18991 3560
2420 7430
5305 30468
141 2119
3783 342
14378 5128
3836 10419
3037 9333
56197 30230
402 6498
4981 19607
3439 5315
62011 1852
16813 32036
637 2059
62011 3800
13958 12587
18340 4331
13339 12587
74294 5128
74197 32193
3186 7966
18002 32193
22429 74197
13225 32193
5393 32193
4423 8777
35157 13561
35157 2460
35157 31614
22704 7966
4426 74197
4947 7896
2197 74197
2941 32193
37894 73201
35157 10325
10396 32193
11235 823
37894 11857
37894 9479
2460 2074
3752 63437
19611 2941
35157 33029
35157 12259
12259 225
12259 7484
1315 63437
1077 32193
71996 1077
33029 5023
37894 2363
31614 38437
35157 16962
12259 235
4329 63437
30947 32193
5174 1077
13561 5421
7070 30947
8037 2941
16962 6848
1288 29170
13367 13225
2040 5363
12452 1077
4423 746
35157 13539
12259 270
58496 32193
35157 29891
41643 32193
12887 30947
19905 32193
12259 2147
12259 5386
25771 18002
3195 32193
15839 10396
35157 46376
2460 1699
16962 73199
13561 3933
790 281
12259 15120
4423 74744
10325 4413
4931 5393
33029 870
71402 19905
31614 18592
22425 32193
40649 32193
53557 8065
2460 6975
35157 47800
46376 42899
33029 11551
16962 22158
9588 32193
25931 763
4415 40183
22780 10477
16962 36895
29891 40091
10325 15720
25752 22425
7828 1077
4415 1892
130 40649
3933 12367
3519 17193
35157 210
2821 3195
12260 827
4415 39571
1613 1077
31614 6002
1075 10313
15824 71494
1606 43829
34145 2947
24378 71494
9224 3510
2 15824
4052 7512
4163 34125
1676 24378
45266 24378
4163 34103
34145 6720
7293 71494
3110 53546
3595 3117
34145 6681
34145 6997
12911 71494
64216 634
6681 46041
34145 4753
6720 16858
26853 71494
1280 7293
30947 71494
6681 6126
34145 7439
4163 7071
4794 3679
6997 18027
4163 7406
37726 71494
34145 12936
986 12911
4753 16948
1218 6503
34145 2990
46221 71494
6720 8740
64218 43814
1576 1720
18027 10762
802 26853
19810 71494
8974 44067
46041 802
29398 19549
12749 71494
7314 12749
46960 71494
4753 5529
34145 4890
9317 53880
72683 12749
686 7293
5332 71494
74390 15824
36998 5332
30847 7725
25327 15485
7222 19810
42306 71494
4890 18997
34145 13968
2990 1844
34103 24832
13684 71494
3531 2066
3141 37726
8805 71494
34145 71770
33344 19810
24066 26853
43171 15824
34145 33284
409 15485
12936 17235
4520 7293
1635 11642
33284 1318
34145 62393
4890 15039
2036 24378
1504 26853
418 45959
17495 7512
1384 8805
6016 42306
6720 12427
62393 17933
2516 19810
62393 6605
132 61487
12222 7512
6681 45198
55489 46960
34145 10605
15665 8805
2228 45266
13968 843
41536 153
41536 9285
49 6852
9285 3064
9285 8644
41536 17603
41536 44221
734 770
17603 52682
782 4115
9285 14906
17603 915
41536 4469
9458 31410
41536 15673
41536 74606
74606 6137
9285 13087
15673 73895
74606 2881
44221 21714
44221 4516
41536 27460
74606 1948
4756 31410
41536 10540
74606 19353
17603 8878
41536 26244
4469 71415
15673 3075
30 947
4469 41054
915 14601
153 29483
27460 22543
4469 2120
33575 31410
41536 9145
41536 71685
41536 66312
9285 9628
3075 4501
41536 32068
17603 18
74606 1529
74606 12955
4469 1439
53749 41458
41536 22245
153 59214
9285 17732
71685 12905
27460 734
44221 3418
8878 18972
10540 10782
22245 3040
243 31410
74606 20524
41536 46287
26244 33067
3064 11559
22245 29702
41536 28974
44221 12211
46287 1919
71685 18818
8644 70153
10540 2292
21714 1518
15673 15493
9285 37578
860 2696
66312 1768
9145 19223
41536 8413
3100 7608
2636 243
26244 221
15673 16643
546 652
17603 13369
27460 2981
3418 14543
46287 5190
41536 33487
26244 74459
32068 16216
71685 24832
8413 13539
71685 23392
52682 863
74606 6285
15673 23194
318 4756
74606 21929
26244 27575
26244 1814
27460 6952
2104 60075
15915 25547
7829 2420
2712 3198
2056 641
7501 41293
4117 1174
55 323
77 3064
3583 41293
2205 1037
74 2478
7538 2104
18403 60075
2565 78
53399 60075
22136 60075
10447 8541
3327 60075
8019 98
2331 15460
12613 53399
4423 7023
979 2420
137 71380
4288 11361
93 9592
735 6377
39571 3327
12 15462
938 1299
2105 8652
783 289
1035 1221
43 2043
1035 5041
3366 957
1032 5749
4203 1299
25615 11361
4848 18403
6084 35884
597 37457
4362 17898
11384 1642
58985 53399
51 1015
5612 3346
576 15772
6625 22274
738 26223
1365 25373
11763 3549
631 30
2566 616
25317 22136
4325 12127
3254 2904
1606 5459
66792 60075
12342 13870
516 2404
2446 6960
107 34791
4057 3549
2565 1890
559 20
4341 2241
2574 8541
1301 8873
1365 7422
18421 33121
401 7732
8989 449
18342 66792
5812 30116
27 26225
6878 58844
24801 2104
104 1755
9508 98
874 24801
401 925
5462 437
9878 53399
2327 4617
5275 2483
72253 25997
4976 7538
31 15888
34791 1975
42038 1011
63673 60075
2231 15460
35 6291
2088 913
516 907
11039 3327
721 153
65 6401
29117 14944
402 5340
29117 1423
29117 2872
4777 26421
2435 38544
9300 38543
14944 4124
29117 15402
4412 3996
73729 38543
64229 38543
29117 18258
21757 38543
1093 38543
3279 9300
29117 21854
5443 38543
2901 823
29117 15845
849 34220
15402 59
18258 72451
29117 2405
29117 29906
14944 11993
22123 38543
2757 9300
4063 38543
1289 9300
45938 38543
13667 9300
29117 48591
29117 3413
7599 45938
2226 45938
18512 38543
21854 21329
8714 14898
5952 5919
48591 367
48591 118
21854 7514
2676 38543
29117 13211
404 13369
3413 18860
18258 4503
14944 26
1623 21757
8217 5443
4133 1093
738 4891
4945 5340
7619 9300
29071 38543
29117 2975
738 1487
29117 10165
3413 12705
2872 5257
4124 7619
10165 4067
12908 22123
29115 3262
71943 38543
14944 11262
4559 38543
28952 2647
1075 73729
2405 6854
4405 5443
48591 194
1352 9300
5621 770
8 5443
2065 26550
555 1669
4950 45938
688 64229
10498 1780
2555 4063
4794 9300
7285 64229
2872 26293
14944 11831
4482 64229
14944 2699
523 38543
23107 45938
69 22123
5452 71943
10208 21757
18258 33518
14944 5215
2872 19047
29117 19693
14944 19069
28072 38543
4120 5340
4288 1626
47903 10866
47903 17419
47903 37208
47903 20812
3923 646
47903 21390
47903 51392
47903 22511
22511 19885
17419 4972
47903 4291
10866 808
47903 29402
43735 58498
47903 219
28478 58498
47903 1592
19350 43735
47903 36350
1592 749
17099 28478
41824 58498
10466 43735
20812 7661
68 28478
51392 401
50226 58498
10866 21357
17419 17901
10983 58498
47903 1335
1592 1007
4953 1626
17419 2419
17419 7431
9400 58498
48771 16863
20812 1694
21064 58498
47903 29527
10311 832
31 28194
36350 559
47903 5632
37208 18587
15784 10983
58325 18513
3783 25738
10311 14364
2285 49051
20813 17684
47903 74966
9535 41824
12727 10983
29402 19357
822 2655
4291 3792
29402 339
36350 1684
43575 58498
823 9400
10393 50226
31 1857
29402 5112
401 7619
36350 6966
10866 9494
1411 12968
29402 11710
1815 6636
17419 28467
22511 1102
14595 28478
17419 12954
1592 1409
20812 11764
2113 21064
73863 58498
47903 2474
51392 646
5251 58498
2454 28478
20694 5251
28198 5251
359 21064
19363 58498
5608 58498
21390 6955
1335 3111
1592 21419
17419 4426
1521 58498
896 5251
51392 2871
47903 13640
21390 5899
2474 4721
74966 3410
1335 16822
