5227 222
6670 377
1440 2318
16121 233
128 809
4963 29158
5942 10209
6319 360
19332 530
4963 689
2113 8447
4978 212
406 426
2113 77
8281 3379
9075 27994
790 793
737 2109
4963 2611
2956 4190
77 225
6319 212
17684 426
4953 3649
2811 805
10109 529
4956 323
4963 8119
4282 29
4963 7326
14523 529
4963 9257
4963 73210
9641 39
4416 2804
4963 952
4963 4554
1853 8347
5227 291
576 422
843 3694
1519 426
22251 270
2811 5102
5952 10394
2097 426
301 7607
9639 3341
14544 426
737 3192
6169 8347
8021 426
4231 2318
7398 1057
4282 1181
4956 28
72734 426
3284 4190
28062 28
4963 25190
548 291
10250 3702
6668 167
1909 1174
23217 645
4045 350
8754 2908
4963 5810
4963 10082
4963 3605
689 331
4978 1716
737 12
1756 27994
9989 576
790 809
5760 310
3605 123
4963 74951
2120 10
4963 13934
8754 1013
843 1181
22251 323
6168 720
4751 3192
6868 212
6588 576
4354 618
10412 1716
1756 53
2241 234
37021 809
6372 762
4963 1859
8281 925
6168 45
7398 8238
4963 8536
1190 350
5275 228
556 1942
7918 312
599 386
556 3706
828 71399
1617 1546
11517 434
685 75
822 481
125 245
6339 970
1400 384
19403 386
1642 661
1024 4314
3138 289
1753 384
696 2405
9484 19403
556 4211
1460 2279
26793 386
8395 426
853 228
1020 39
21 4314
1173 312
556 4847
556 11932
2636 339
556 3086
556 1333
4406 39
104 384
3086 289
5142 1527
694 1527
1623 387
556 1329
4406 387
368 354
6689 386
3585 9834
4837 2419
3219 1720
556 9496
11519 5384
3885 386
556 17296
1896 4314
556 4962
136 75
2647 386
1656 386
123 71399
2 4940
696 1642
135 599
104 970
4368 91
659 9829
431 357
1412 7883
1670 386
1083 5384
1400 1527
415 426
3540 1642
556 16174
556 7350
659 1546
4047 3090
4570 956
659 3885
1392 1
7350 354
659 4314
17296 9833
5630 1720
1620 3187
556 5671
9365 9834
14 386
3706 354
694 405
632 516
14865 386
18888 386
678 105
1642 2411
556 4282
738 382
556 13192
1516 1670
1620 228
556 12907
9315 107
678 1890
1778 3723
6871 12454
6871 18072
6871 24198
6871 3502
5934 5263
6871 5905
14019 44142
1171 13091
169 4512
2241 3988
6871 1680
24198 3921
6871 6291
117 1429
6871 1930
6871 10065
6871 2205
6871 5964
169 11333
2710 4514
14019 1640
997 19359
6871 22199
6132 24185
7248 112
5038 19350
14019 1852
5038 19376
5905 6660
5038 71399
1751 6947
6871 22239
1011 6393
737 1617
2861 1429
1274 1835
2335 5980
6871 56667
445 1429
18072 18907
6871 1682
2205 4508
5964 2100
6871 6841
6871 5966
18072 44142
10065 1510
6871 15948
10065 23136
1751 23306
15948 19382
6871 42899
6871 19684
1751 3927
6871 8708
1075 9169
8708 14073
6871 13019
5905 19360
22199 1615
431 19380
6871 28742
169 420
997 3828
6871 14575
2230 1059
6871 42832
19684 23136
1274 2685
18072 8271
24198 11870
1011 77
18072 6668
7248 5323
6871 52104
56667 2251
6291 16362
1075 6051
5934 6777
1274 14597
13019 18833
28742 8271
22199 1910
6871 43871
42899 14591
3502 4007
6871 1844
3549 1678
14019 6658
1171 19380
431 4482
24198 21246
14019 19388
6871 4607
6871 8148
24198 23986
6871 4432
1930 9974
6871 54745
169 16360
3462 1574
1190 1574
783 2231
2863 2788
349 2344
33 16674
71404 1574
2798 8194
72 2275
2863 21406
25 79
994 983
2115 90
35 15481
33 7666
169 17126
43 10530
1167 4197
33 14948
413 21406
342 3738
33 2778
71388 3462
25 1574
74 7608
237 3374
90 964
143 3234
359 4054
33 5048
413 7609
22 849
2865 12496
360 4946
849 111
1191 6655
1176 3266
33 21380
737 21404
237 617
33 2712
169 1686
33 9245
169 1082
331 964
745 3685
981 1702
1370 403
437 4031
33 8731
1010 10168
33 4041
1129 3234
2222 3277
1010 2464
699 4565
2446 4032
77 3092
83 4565
33 48311
2538 1574
413 3184
1642 2951
1224 5126
65 960
1167 21433
10219 1574
926 1935
443 10219
28 964
11 3474
2867 10530
449 7346
684 5828
565 2414
43 17126
96 8513
1 7599
2222 3035
546 1560
544 12496
33 2309
2866 9793
802 850
1191 79
981 960
5048 802
443 2538
2955 1574
12 707
994 1582
243 8513
109 21399
926 8513
1650 1574
3372 1574
725 3462
860 850
639 17515
1178 5126
112 7872
1392 3544
1895 33229
738 20398
4115 3349
1895 282
1191 19885
8796 48280
130 5393
1895 44174
1895 6824
71383 3655
9300 7637
1635 32095
6005 2169
4954 10432
53 4516
2775 42776
1895 13691
1895 9900
1895 4567
118 7912
4089 5414
1895 5182
1207 50463
4089 6458
1895 10814
1895 31678
1895 2242
127 1735
1895 28480
4824 9612
2035 13460
1895 8966
4115 21068
433 14589
12286 947
3953 1835
1895 10622
1392 73203
1207 30085
1895 4002
2451 3655
5960 144
1895 2995
1895 10763
4096 32061
112 1720
1897 3655
9900 2748
3841 1918
1895 1915
4567 16948
130 20521
3485 2457
1895 26819
5204 16854
1895 6251
2602 1177
1207 2858
9300 6675
2650 1847
2035 5513
2602 22503
2710 3655
44174 4190
8796 3523
118 234
5960 32070
33229 7624
1895 15786
1998 32069
4954 15662
5182 7637
1895 73933
445 505
2602 40756
6005 8311
1164 21068
1895 22132
13691 1897
65 3655
9900 12758
1895 14595
1895 5882
1392 1897
738 5548
3841 3173
3864 20207
8796 32081
2242 10070
12286 2643
1895 19390
14595 19809
1432 2169
118 2858
42260 3655
2775 30085
4184 16169
1895 2905
1909 634
725 10648
980 2736
1975 11821
2023 395
1975 3401
2322 923
3216 442
1975 72347
1365 10659
1975 3333
1975 12212
852 10639
1247 34
2558 10648
414 10659
1975 10347
16689 442
140 975
1975 21268
5941 1596
3401 419
1975 2432
1975 73338
1975 6323
847 123
4267 442
1975 3387
579 10658
1975 15253
418 212
293 386
1975 9184
1027 3203
2432 46
1975 2545
8502 2729
1975 3656
2863 10655
1975 14865
2560 1209
2218 10659
2496 442
2735 442
983 4160
1975 8948
2446 3392
550 883
1714 8029
1975 2377
1975 2274
997 860
1027 10641
7487 442
447 5017
2556 5117
2615 3886
349 123
1027 10660
8363 442
65 10657
2976 442
1365 508
74 970
13198 442
6389 8363
11821 10656
1975 12438
1975 16
4946 442
1274 956
1975 27227
2030 419
8502 956
4803 4160
27227 43
354 442
1975 1392
350 3187
1975 6314
1975 9503
1975 50
725 634
14816 442
350 4267
2303 5712
1975 27726
1975 5548
2227 43
1247 215
2023 9051
1975 135
1247 1
5386 222
13859 442
997 10658
349 16689
1975 750
1975 703
1975 1248
1256 19477
2339 4001
222 20452
442 2265
1119 11562
1401 1617
3391 4567
312 19472
222 1544
192 71399
133 18881
222 5404
222 5309
222 2641
1975 5257
1085 1503
7981 1434
1128 4454
374 19469
222 121
2006 1434
222 17724
222 334
926 19487
1622 1434
193 2006
1173 19465
222 4497
210 2279
3751 11702
2339 6855
1975 8744
2318 8744
222 7249
548 2083
222 543
1122 81
923 12450
1085 1463
222 20030
5309 8523
222 34302
33 19468
222 35079
222 13372
2905 1463
2651 1434
334 5680
508 7246
2339 3462
3473 4010
222 2291
442 4187
2291 10939
40 1971
926 16782
222 72421
440 2651
1107 11240
1128 4357
550 279
1120 6048
3392 279
1754 1430
689 19472
4497 9768
1196 7301
384 11702
222 2794
34302 1190
426 7981
222 185
222 10506
20030 1247
601 19089
192 2651
1107 19473
1256 2252
222 4411
1754 2279
2318 3462
926 4187
222 4775
7979 5947
222 6512
401 8523
409 19472
18 16782
8 1434
222 6162
222 1164
15337 1434
222 1240
782 1434
13372 4357
374 4941
16441 1434
222 10514
372 9421
1544 5947
71631 3370
1409 34
3281 105
13570 11862
5779 426
75222 1370
4161 3044
16386 414
6655 175
549 10892
4702 9402
3964 456
4685 768
11846 1006
3104 12769
2802 119
40436 3819
56470 1283
102 634
75144 327
8159 6381
58070 414
1738 11072
64428 5575
874 1058
2499 663
4698 2898
6839 381
71622 2898
5788 340
301 1246
56294 7802
21962 1750
1008 83
36280 735
419 21710
5250 33
17762 34
5773 2412
71632 1368
132 1346
794 2285
28774 735
75215 315
22609 3103
5775 360
1547 454
13544 543
210 447
71399 3558
2984 739
8786 21154
1516 4215
3174 12502
5414 21154
3984 3689
4010 2720
8188 7802
1709 88
4045 912
2224 12502
12913 2265
20676 584
4522 1103
22375 10760
2408 381
75193 3365
22609 2373
9412 376
687 1346
6036 4353
22363 33
75145 1153
11941 2265
3485 338
35439 2008
75199 10758
5979 413
6495 403
75216 45
7746 4803
15149 10761
421 71388
558 1246
4615 4565
6562 10759
21759 447
1634 2270
6562 917
5958 165
28082 419
559 5867
384 1217
75232 419
10373 387
18027 1589
11604 543
8248 320
65075 145
22933 5431
1910 2576
3841 1259
730 189
981 6730
1288 623
243 54
730 502
1910 887
28 349
107 2029
175 2906
1554 2036
1554 17898
78 2729
67 1404
981 1042
676 5958
13924 83
680 5094
175 2100
11658 4533
730 2369
1544 81
722 1917
333 291
54 663
38 350
189 2047
2547 71398
730 48275
502 3187
61 381
426 165
398 282
333 154
3841 3552
297 1016
730 5504
61 80
297 956
730 3918
765 2675
981 1285
61 4777
730 343
730 2249
729 576
730 15709
5504 735
13925 1042
102 11
730 2745
8831 81
730 22472
28 2675
730 22279
37 549
879 2303
730 1895
704 2485
676 636
4558 486
730 24797
765 4231
295 9662
13923 407
401 5126
74 58
28 5326
502 28
2369 4852
2745 79
54 442
730 11885
730 6174
13923 543
78 80
111 154
730 8553
67 2554
730 3966
22279 2719
730 163
410 48
426 11273
105 407
1248 375
730 5038
401 2961
427 590
11224 81
730 9129
13925 5125
730 4855
1507 5127
38 71398
730 2232
118 90
730 1539
5063 2082
1580 399
1580 11298
2888 443
2316 403
3140 27
17491 10176
1580 543
4037 10186
17491 453
17515 185
4037 1165
3140 154
1580 5587
17746 10181
4661 10188
5587 61
16283 409
1779 8503
418 983
5376 601
1580 6724
8842 185
2896 443
4368 353
1668 6339
2027 117
17515 234
2318 942
3155 1211
3542 7377
1392 30
2270 289
6183 10176
9248 409
1580 5613
1580 773
2896 375
1567 108
3155 376
1580 962
1580 17784
223 3379
5376 10176
1779 828
1580 10532
6477 409
1580 9189
1882 155
1580 2667
1580 9997
543 289
14 353
3037 409
2644 86
1580 3258
10854 645
1644 954
1580 15792
4619 10171
17746 10180
782 409
67 409
4202 409
1580 9746
3398 634
11809 409
846 378
8840 409
1580 220
2898 409
9746 10177
1580 2265
21400 7377
5587 178
3582 409
4567 3379
4661 6339
846 954
2116 979
1580 11860
1580 4217
7250 409
4037 443
3501 10185
1580 26983
5510 2554
136 1676
17746 168
1580 20522
315 409
9189 418
13509 409
3585 409
1433 4363
3140 1752
1580 3341
2318 1181
1403 13509
3255 409
1580 6591
