6523 1621
22354 28097
5216 35115
3203 12232
318 8018
7620 782
14845 1507
29678 7397
38100 11878
435 8385
15877 1652
29375 31022
33212 26272
108 18241
71403 31264
45120 2231
24435 7372
11812 5498
21741 7210
11187 4112
61942 8274
6291 74494
301 37212
5915 2421
8187 51449
1567 52650
401 962
15888 10142
12786 4791
14013 9839
21237 12136
11876 49
4969 15728
3934 32976
2422 26857
1428 13072
918 8311
1433 24755
8807 139
36878 1879
31765 5864
53481 9751
40232 6247
24072 2218
3395 47448
26525 22629
3631 27097
424 67366
2744 3569
38504 90
72426 2748
27769 1149
7400 16334
3976 58074
32065 13387
37035 7909
4940 22252
15162 10817
2218 5088
15226 18458
11225 36063
3177 9429
5836 8236
31721 2208
21830 8292
12944 19737
38048 23839
3061 421
2649 12133
10554 8025
5363 43250
794 45218
27558 10327
20027 33462
2423 2119
22780 6003
29648 1029
72750 25940
34851 851
4975 1830
25539 6095
73765 665
41773 18569
32677 16869
8942 4318
73603 8287
31795 72172
49865 2623
41608 26867
9053 28648
32600 3372
18505 3448
1240 5116
10856 6401
38972 5869
4564 21381
20042 11058
19204 9995
40215 23085
75817 2979
7961 15052
36878 24581
944 7010
15529 12455
6358 8236
35742 1979
45737 1084
35685 22619
33547 8681
3998 703
4617 20775
4852 4676
429 3143
4837 24233
4508 902
14839 1301
8354 4804
4067 12187
1800 2783
6268 13123
32829 16228
15520 19031
21852 31577
26473 1835
592 5872
6335 13055
9425 404
3487 3221
4055 71864
4465 14111
19118 8890
45354 4777
6428 16553
72944 593
6529 34788
31528 142
4077 2974
2369 28117
3885 7502
5322 39579
1441 25490
40009 26927
20538 617
12465 5863
3873 15879
2274 28480
8002 48854
2563 27930
2369 35158
32059 10759
6870 72520
303 23653
6653 143
71600 24950
44254 8934
17092 24581
15825 6952
18915 971
13055 20442
24950 11704
19084 6211
4420 20586
1236 4163
1860 10541
11330 40429
71999 16788
22758 9938
31801 3099
6066 71
36579 8941
38949 4940
6536 33679
25634 2933
18971 7151
10911 25276
15382 11555
42157 9574
5243 8952
1658 40737
555 6745
2968 2910
14477 1972
39355 27094
5568 8647
19120 10792
2502 5521
755 23140
565 47951
13512 10248
86 205
17099 72897
25573 19889
9549 2016
359 19684
2977 33073
3073 4107
788 4299
2043 35162
11821 17756
41013 6383
11702 16724
30260 3531
11224 1161
5069 5884
4751 33778
60281 14026
872 50156
6414 2097
20670 19374
2144 40181
14018 58248
4412 28272
25782 12754
9634 55881
7692 12273
854 11024
36646 19013
6085 19202
8588 3496
24827 18226
11582 20790
9651 4161
20514 1864
367 14360
16721 15370
2169 46858
42 12443
23165 223
14014 2121
13301 58314
5427 31532
13104 38950
21560 12030
41229 4862
9204 325
29309 1468
18970 71423
18751 33228
4188 1218
72096 15887
1075 62917
46157 2100
9864 7530
1147 6199
30260 23861
6717 4330
24549 9283
9356 41931
25601 41998
385 30820
28459 6193
3437 35670
60332 16362
17133 25748
2671 72376
615 14026
14056 10308
6 15047
2962 53068
17691 26364
2190 294
40126 5267
3281 2372
11192 41371
36814 1428
1970 3873
2953 1766
2226 50017
5064 600
664 22184
19503 24787
1484 10085
50882 10317
50913 10249
4123 1661
7787 30405
1029 1132
8541 5956
61159 22225
17486 15661
4919 50827
2650 11190
784 5028
7166 109
888 12535
2290 6424
2217 5415
28919 8154
16485 3687
36473 1899
19959 6653
14432 9083
1845 55536
660 733
21460 1508
14018 24708
71955 23028
3284 7912
13551 71400
39550 1466
12258 32028
1187 6793
21745 4570
1738 25505
7224 53286
23628 9989
14276 3104
39196 3142
10802 636
9488 21481
2791 71854
14267 27225
1285 64149
71404 47622
8646 12495
938 8321
12956 15414
12732 466
13050 4109
10369 20
11836 3297
6169 8202
9383 24234
2488 8436
3381 2628
19228 46969
15028 1443
16938 9588
5674 31423
4502 28326
38586 23242
5371 51679
32034 12913
1105 75002
7050 14486
1118 33401
6584 12524
12966 1040
653 346
24714 4391
562 29201
37110 4031
2535 38645
14393 2608
7125 19719
27509 59674
3135 4313
14484 18344
17465 29238
4253 4977
33080 2138
22665 14624
71395 27919
14278 1683
492 3549
74256 21594
674 3314
2884 20472
5280 52492
2898 14887
34586 1697
2410 12286
74379 396
9993 18802
74861 333
9405 30184
11664 74463
1605 7184
2221 14629
31777 2941
9842 6361
6576 4789
7241 28384
4310 6173
1763 11449
11316 3091
16950 6489
192 31206
32480 2152
4360 2261
21457 433
44086 2267
30650 2023
13308 14033
195 14678
15668 25489
1211 21288
2391 4662
20560 1336
29302 12518
34812 383
19742 2643
8653 29203
688 36402
21 20530
1649 23196
10944 26926
8689 21598
18920 3544
403 72853
1626 72156
18988 21760
19674 11519
57 374
17283 4500
30043 31807
21374 3524
22300 10732
40325 31805
378 74954
8261 25095
54973 15662
20277 135
33349 66732
9158 1761
16282 3865
40388 775
8785 28537
7913 45234
31117 9985
659 7744
1411 21760
19194 37545
1107 9329
2149 22461
20621 15440
1621 13921
9362 39894
1979 8781
745 25785
221 20033
9769 26961
19327 53062
25615 24430
7633 19566
1863 19051
2111 15047
5991 2311
15795 21091
56458 336
4004 10680
881 9614
10552 10768
19529 2065
24024 32
17697 7687
9314 5409
1243 23214
5948 446
31054 10349
5205 2151
23464 3995
25329 12707
16219 75057
394 55314
20552 42380
39453 16598
16474 20106
1482 1454
26521 2747
38613 2692
22461 4560
5625 10334
4766 5776
101 3149
42005 6812
21160 2690
2505 3723
4741 3837
74147 383
398 6569
34294 11785
71614 6960
2728 75101
51255 1488
20434 33703
6741 37444
21243 3482
13938 18065
9877 261
20547 21764
4533 4049
7741 19933
2460 70109
4616 14630
1157 2901
4167 13007
5250 12327
2386 37086
16309 20564
9537 14581
18340 20822
4190 4421
28182 72889
16805 2131
2324 46889
22218 8665
18009 19766
14841 28145
16215 1914
4046 159
4981 26045
5206 820
12163 295
14584 1152
2088 16601
43335 376
1263 16194
32056 25779
1168 8472
8702 2820
8172 636
41374 5667
7927 1718
2069 28418
42474 4853
10184 32539
579 50749
297 1844
73856 777
7482 23971
11321 2294
16013 9530
2251 41546
2168 26484
26869 19102
1624 7574
17762 9646
6679 10782
475 51
22275 2969
8072 17270
236 12827
563 47175
8397 17916
42908 1186
1154 19096
17534 379
23006 319
3139 1379
8532 29018
319 63795
4751 46717
40500 10794
9755 293
3580 11124
14363 15752
25 29919
2561 25856
22528 13066
27053 1972
11222 26302
1543 7816
62614 2561
2030 8851
2064 11221
1568 4579
1106 25178
4560 13466
19825 8566
9318 2904
11400 9056
72197 1609
2743 7768
74869 529
36098 1477
2014 10278
2813 2064
36603 3622
2030 93
7488 29453
28736 4757
4231 26479
5214 701
6865 7009
1994 4846
11781 26578
21359 37806
29261 1324
725 1687
8157 5549
1911 13707
3821 10495
7253 74488
1161 25944
9401 18694
7631 33425
12581 6547
7922 2906
2319 4521
193 16021
2840 3823
16854 7024
1006 16103
21799 4319
954 15988
3809 5439
620 2011
35786 10649
11656 2459
7573 663
37213 1476
4109 25716
16609 31236
684 4146
17286 18585
1853 23793
13762 5916
24373 4880
16128 8659
8882 7261
5199 40316
2590 19846
31895 985
14437 13768
27661 12747
22609 2231
1225 12773
25666 20452
5087 23692
778 4610
14847 559
374 63166
2238 19567
5228 2051
24137 20021
9864 1500
3691 14375
353 25644
2783 11518
19047 9458
416 37872
38590 15064
10611 8115
7932 9990
41747 19524
3350 30955
7788 4555
28916 56764
2958 14981
43335 2209
28909 13679
590 9957
257 39914
2538 12058
1890 6001
4305 12809
2128 5383
14457 5673
18465 3578
12189 1619
13925 17324
15773 7249
2326 35350
1885 1254
71388 12317
560 14030
9001 17695
18350 1984
4825 72579
4053 4114
15404 971
414 6016
14107 2412
13640 35083
5205 8254
23231 13708
1953 13941
8527 4984
1738 53341
680 19751
5840 4968
74317 279
1953 4528
16313 73901
18486 20241
41022 7909
5979 3035
6255 7609
7503 20065
2425 17898
508 30631
44224 6627
9250 682
52914 1753
4203 44129
108 65876
37588 4357
2035 2244
11583 4331
43594 2826
74355 19231
557 5473
1104 12889
135 12807
7130 6267
453 5348
72611 7296
8069 30458
456 15733
1314 6829
26579 5908
22792 37892
24882 6138
942 503
46995 46858
40839 16947
47049 8074
19766 34970
37944 40647
35332 55619
63795 24100
36689 15942
45119 5920
13193 74971
7161 20824
20441 456
10839 54316
15260 28553
4343 28975
21737 49701
50898 51263
2696 3203
61973 521
2386 8910
13566 564
5586 30573
24035 42659
35266 21227
48749 24266
43395 55445
57591 9642
5175 26944
25418 2465
5979 71958
1719 7916
27471 41665
10854 15162
9613 13528
22357 13995
10101 14098
4696 50056
50684 2603
767 43621
37930 11539
36280 33966
42322 43545
3294 3755
2564 1635
72425 31483
48261 808
35975 9718
50532 1218
36175 3694
3901 25843
4481 24579
7766 16597
36473 39333
4450 26346
12173 64580
15184 3583
13765 827
1511 4451
4785 51262
72322 48647
41710 29925
386 28844
10373 4949
41215 6209
5073 47219
3589 30420
73306 70
21446 19509
6479 2801
31341 29889
9023 20550
25263 6507
7294 586
41638 72789
13265 25050
3043 3189
8711 29026
43596 70121
331 25587
20857 3377
64893 4813
37803 15199
7762 62887
10002 5325
19742 5560
23486 36063
30656 25857
563 53356
23562 37132
1447 51261
12584 59578
20396 18927
16169 25389
4160 27474
38707 318
14001 1202
2805 41136
5142 22567
15094 22503
794 13840
27984 8220
13139 33332
74301 6690
47 17383
7741 2809
2114 8358
8630 9397
10691 2817
30262 16643
3037 8280
2276 46571
14293 2471
956 31452
14600 8664
33991 23001
24643 4909
1309 30666
16246 39006
16379 16773
74430 7881
12691 6106
27010 5793
53511 1393
1407 23973
14013 27697
2755 33995
9256 25432
4370 2698
19867 5415
32623 7111
9479 13199
12167 8851
9546 12448
2528 43104
4295 72324
72256 5572
650 32265
9600 5717
14846 6262
16790 9242
3264 46229
10772 801
20585 743
38744 4572
15784 74774
4 47284
2026 46477
15537 225
20499 590
10506 6234
2933 18008
11889 2446
9059 2575
5283 2495
168 29749
24828 10201
344 29742
1085 36047
25165 1258
11489 3508
7360 7420
19859 4845
73418 3019
4096 23117
74080 5131
9228 2688
12458 6323
2016 4050
17981 16996
21356 14787
1587 23282
6516 411
12724 3991
7811 28383
40050 4072
13063 446
4040 72800
1750 11776
29272 3988
16283 2483
34811 694
215 10100
15623 11580
20872 7981
4118 3710
2342 40511
14566 9780
5426 6737
71387 32910
13690 4231
22359 9077
3533 33042
10729 1392
2457 9818
954 19186
7863 8653
24796 1237
42353 19786
23951 1199
1640 33786
1225 4635
1435 10713
13823 52352
1262 26988
4425 33081
80 9941
74488 10123
2274 21515
8493 4317
4029 11433
4197 25972
4695 12073
6692 34612
12596 20107
1680 20412
9743 6159
75214 29478
9485 4008
3086 29244
15201 21646
9084 15878
17214 58438
7253 15839
38925 4730
2411 43269
36147 30232
1840 35817
3406 5682
9479 2935
2575 10667
24761 10033
59747 16929
51744 13181
64428 11176
40397 12868
16856 610
9214 656
38836 665
32904 8119
10768 2066
24808 2143
15587 59
21311 1168
1654 37110
19507 1361
16712 3375
47562 1122
1523 11161
11072 6795
35621 535
2412 18921
4734 14166
4274 14433
18689 51704
16384 4865
12954 19867
3419 36984
1151 14343
12427 17131
35266 1334
12487 5977
13410 10915
60 7820
2338 42495
30748 8388
28613 3366
36936 4119
32486 73773
4090 1466
119 5050
15726 2386
14722 37293
27082 5117
14960 15868
11201 29953
24171 5164
4884 4100
3703 13422
17055 15908
4695 28654
5882 7842
33707 3778
34281 72520
10951 4543
34273 20207
21674 25627
5961 5296
2833 72058
27590 15755
5724 2094
3514 6402
4588 702
2515 48575
1655 25128
6682 30973
