5942 12810
3881 234
10109 10564
37025 15893
3932 116
6545 974
15668 2870
8122 1975
790 1609
1190 3259
8985 4781
4053 113
769 2687
4963 2208
5829 5398
4368 3582
5467 778
1196 116
20601 508
10107 1934
4963 41682
4963 8569
8740 73797
4062 17402
3075 4192
9327 3379
2208 3686
1288 967
5760 20505
9081 422
19930 9520
6372 36647
41682 5871
2623 2716
1719 17789
5965 25591
8703 310
2821 2080
12203 433
1853 5015
16121 7387
2811 190
9989 4203
2812 2303
19576 2075
5791 27994
2006 386
6868 10099
3934 905
19744 9490
20412 210
5829 26821
16121 1847
6054 119
77 8538
37025 1584
8740 10559
769 1546
9457 225
4416 18982
125 1315
2956 18293
18 6522
4751 8048
14573 376
47295 3261
107 1752
37021 7099
48553 1324
4161 809
354 3694
21366 3878
5103 9091
1853 10300
21745 34028
40 5206
7929 210
1411 232
2653 2161
4751 125
769 5809
11819 2906
424 3253
14476 25591
6505 909
1584 399
1288 2371
6476 723
28417 726
12307 2389
6605 312
2463 5865
77 235
5543 5942
9641 7273
3075 19743
769 2036
1439 285
187 4781
2811 3241
4416 1310
36492 45
828 99
11517 481
8395 5093
13060 5681
556 20845
4943 107
4372 9831
10951 6381
6420 1805
74 1238
431 2036
1431 1445
7100 2279
2646 71398
3593 2251
17085 1009
67 384
3540 475
556 31432
1617 203
6429 8316
223 3243
19299 386
6677 34
699 508
14645 1748
135 3395
136 5915
9315 10758
11521 10232
4949 16996
8586 386
1748 6515
443 4067
3938 516
6905 20
452 23087
4544 629
369 3272
452 45379
1035 3214
5177 1747
368 1373
12939 2108
92 948
4950 397
5630 2135
1657 1081
790 405
1323 414
127 8293
4120 4889
554 1083
1753 400
1323 5702
8395 3169
6420 3578
6376 3090
10938 1188
650 71387
99 3187
2636 10900
10951 18061
1516 1185
93 719
6 6114
1892 4106
7151 20
10951 5284
443 3828
11518 4313
8956 516
303 4315
297 15112
4949 183
824 4880
16830 2369
21303 1
8184 2279
2984 1642
848 1013
1748 9773
556 10877
4950 6147
5958 9835
443 10238
1908 384
415 2651
3165 8586
3852 4314
8334 386
1023 12081
28043 7883
3593 12798
1237 7883
92 1352
5630 5306
1439 3603
6871 16049
913 2176
135 1589
135 8516
6132 11199
2907 13742
6871 4160
2168 11409
431 1915
3549 19530
6557 1734
776 19348
2335 18530
2258 19364
3549 2678
1632 4606
5046 13742
9793 72355
3544 10427
172 23145
6871 4772
7248 1913
4168 3828
11222 19394
407 8281
1171 15364
13408 737
65 1730
665 19359
737 2148
6871 6559
2110 31352
4411 3921
7249 4124
11519 1428
14019 919
3172 8666
169 13389
6148 18907
169 2233
68 11429
985 12618
2110 2276
2230 10085
2265 6514
9397 6051
2230 10782
6871 10218
1171 54110
10218 4389
1023 8274
2375 6742
6871 9095
100 10427
1173 1621
534 72359
398 2196
169 1702
1075 21759
3277 1851
2110 11196
997 4704
6871 36172
439 46557
169 469
795 44
1274 2235
169 2174
6559 4549
2147 749
1740 1860
6132 15562
3502 19354
4160 4008
917 4977
6871 13002
1185 33714
1751 7636
398 53990
6792 8274
398 5156
737 124
5038 3472
2335 31370
1629 1678
210 19374
1037 634
6871 53554
6871 14474
1171 11983
52553 3523
6078 8592
4862 1896
2110 23639
5036 47419
36172 35587
25465 20855
13443 18488
10753 1776
13002 1455
8234 3840
327 3276
71383 7268
4845 8455
9756 178
1165 21403
94 1304
447 29096
111 2704
403 6853
6893 5874
4345 983
3270 10530
965 45746
426 709
1167 6170
723 72862
2472 5462
1642 7387
550 8513
4961 4009
33 18966
2864 1177
404 18029
5101 11718
71595 21433
6818 960
39 5947
1167 691
85 3749
2871 5814
1642 13326
102 2118
2868 5104
19743 21406
2862 2514
2440 1312
3109 2548
2869 34299
349 29719
860 58438
3158 10171
1324 21402
135 38691
5131 2560
401 6059
116 849
926 13324
401 71396
445 8659
2317 1190
1360 15481
111 597
455 13637
25 75
1970 11718
554 617
342 670
7060 850
18 14020
3686 1000
860 635
71574 10202
449 15431
195 1757
111 34123
11 73649
1750 13211
331 3464
180 10058
5829 1000
1635 16060
243 1238
2227 2686
1 5937
118 8065
5426 5386
15 12663
61 5776
2080 10202
12 16388
4030 14624
2016 7490
383 2049
4 7619
748 1697
2222 7392
35 15420
66 17725
7929 71383
1370 2904
1221 3255
403 4188
19 71383
1403 1955
8598 2231
1 511
33 24805
926 17282
11710 845
4089 13468
3953 2496
127 6480
1835 6458
2196 32539
898 32078
2650 7741
2059 410
5038 2504
2602 33459
9435 2623
10599 32071
1635 18960
32688 11581
4617 356
6611 1720
771 749
60 645
2640 14473
4115 21298
3841 500
1681 6458
4096 29051
1895 68196
15226 1720
48 17856
2883 5663
112 4098
8428 2420
59 3723
4824 9366
555 19898
1540 6457
453 1161
13000 3704
4096 788
1998 3655
303 1727
118 31672
68196 23075
3976 1561
5979 32066
112 35711
1635 3895
738 7617
661 11178
8236 16948
1448 33312
2040 32091
447 13460
14016 32069
4416 11577
1455 73202
697 1166
1895 56902
13735 41219
112 31376
4061 16169
2650 6475
6583 38955
5244 29412
4954 41538
17728 47119
697 419
4824 11453
2035 11581
331 513
2236 31864
2690 693
5065 11717
2064 5393
9762 704
31306 3721
14473 31805
826 19670
3137 10632
1218 7503
2425 6508
1899 32078
3841 6393
4124 7637
4357 71988
3864 784
6613 10312
28550 42897
2196 14517
20875 6391
3137 3152
6005 8405
69 20389
655 19571
10130 73204
3372 32092
726 19885
1727 3349
10848 32085
1520 1453
4089 21987
1895 49267
2040 10070
11695 3350
31 12614
2318 73770
9405 236
546 8825
852 1923
1714 1520
6183 66941
3202 105
19 167
980 3544
2322 4511
2555 1018
976 5980
345 7503
3570 2563
77 5813
1393 997
9405 828
2487 46890
2558 181
208 3601
8406 9827
735 2815
5199 105
950 10657
295 1908
2871 7847
2408 2923
32 14292
2367 2713
1018 9124
2318 9997
2057 10635
2446 8677
411 27
447 3854
6900 16087
208 10814
2865 10158
669 2030
2615 1406
77 28594
350 9051
2759 440
359 520
1018 7997
421 3847
21 11018
2037 15236
652 10645
9398 58913
1975 18838
1256 4848
1795 3187
2446 9526
3203 563
5565 10638
9517 10649
5344 66
1975 16175
6183 353
2904 15720
2625 10635
1752 994
2027 71
1975 42315
404 3723
1184 1
1762 137
300 5811
21 10192
1018 4598
664 10656
715 4009
293 2118
7243 3141
3124 9051
2487 7884
1909 14636
1013 1742
9398 2362
2558 19816
90 8526
4047 442
997 25190
980 74840
2305 11320
883 43531
2977 10640
1401 1349
359 3061
11695 5871
1004 8715
2218 4657
449 925
3350 4292
1018 73721
1167 4961
376 7642
6653 7301
3601 6778
105 143
5142 1463
5499 19476
11848 1434
13434 4041
1014 4001
926 13326
1890 530
2866 41658
1028 19466
961 19482
7980 6817
1122 5386
4252 19481
1109 28546
2907 2265
3429 4187
346 18881
2410 19466
411 21534
2006 13438
3114 5199
5105 4565
2194 19489
26886 2075
45 1409
2866 25962
40 17645
1860 12450
796 14111
1206 3685
5514 19466
449 21541
1219 19481
18 35221
1128 4208
2334 19472
1157 26347
0 14434
17914 17704
7980 15832
3676 4062
193 1827
384 1241
2040 19473
5299 4565
11022 10939
1 1021
133 17697
46 15480
979 1379
2896 19483
6138 9072
2923 19490
3275 9743
776 35181
8429 2265
2980 4406
1024 5205
318 750
3836 991
3391 1234
1181 5601
776 17656
15972 8523
18928 2279
550 1702
2784 5947
1183 1566
27 6055
1109 2029
383 12327
369 19463
411 20583
19453 14098
1008 8132
6754 9091
156 19239
2444 3420
3917 8523
3751 11021
46 2216
4944 1438
445 1615
3392 652
1009 2279
1181 12759
16366 1434
3599 4047
1109 2181
133 734
828 707
923 3965
1128 3924
1975 1882
556 3630
5937 19483
222 32834
44833 6523
2460 4940
2636 18350
2151 17378
75175 10702
654 11514
2516 8018
56296 8351
1481 634
41711 1006
5790 1763
12373 3370
12905 5269
11224 27379
75155 4026
53676 42212
8376 978
5621 1443
9839 14326
12747 13306
22116 7585
1748 9356
75183 6919
75154 9584
43494 7252
75217 29781
35337 414
3384 3407
3154 2308
1409 5378
23279 46958
24041 1167
3255 13855
69648 2381
16833 1217
8317 3960
56193 112
75212 5248
18202 4541
436 10238
2507 12439
12618 212
7059 5431
24808 10338
30199 8023
235 261
1674 1669
413 6589
669 6776
20987 7635
36659 193
19701 1212
10187 26252
17240 6148
11601 634
51321 4290
3932 4570
20207 1368
20665 25191
15865 22
26615 2121
71399 25489
1717 10656
28774 44407
73157 539
1554 584
4276 786
10255 5038
5679 977
22796 8064
75172 11122
2411 312
4037 4612
4570 24193
485 48
55 30986
10255 16999
735 2230
4939 10806
766 18762
52507 4149
12507 18750
26049 1083
132 31247
1431 17664
7412 9101
649 15627
6016 1682
73182 2109
6377 3495
5527 2647
8782 10832
25613 3689
4845 367
1559 2884
35857 10201
2471 2069
17012 60847
4166 1341
8514 5040
9100 3106
730 64768
2386 36474
4170 145
407 154
3392 2716
5141 11823
5141 16288
312 11920
704 73221
21815 58
31 7445
350 445
369 3720
2861 44
111 91
5894 81
738 12287
730 46914
4 5663
738 15765
3841 453
52 1883
13922 7361
38 31147
822 5101
659 383
46914 21635
442 5127
2866 295
29 8248
433 74775
3109 869
2958 3903
5867 664
4612 381
1248 7179
302 2914
24827 2710
1288 3596
2204 2062
13925 7112
704 1917
2684 3069
111 17184
516 21750
4 3037
9071 11273
398 2829
8245 81
1073 215
1071 2961
1520 71401
1554 3675
46914 2551
993 381
1075 27524
8248 428
8561 2729
656 291
341 1284
989 10143
104 678
1128 383
118 3528
9191 8224
5559 911
31147 5117
2746 748
96 4080
34 18183
2868 58037
2933 1716
44260 81
195 14896
738 3773
111 11858
13684 1181
4520 418
2253 586
4556 370
888 5735
270 2631
2386 15073
2113 5136
30 9797
3686 132
5752 575
30 11431
13922 74771
1246 455
369 12704
295 2805
107 712
1714 950
4068 40
236 165
54 10175
270 16218
13823 1917
11843 983
3398 5383
1614 3629
2896 1909
1403 6066
1580 32731
3542 74838
4567 12302
10908 10189
28997 289
1403 18164
370 18361
20693 409
10624 3379
6557 8503
14982 909
12843 1953
1577 23863
1423 12450
11479 5634
32731 38698
969 4340
3442 645
4570 409
918 3176
24454 942
3655 906
1882 7864
17045 7286
1580 3939
4412 6014
3597 1373
323 10181
5679 3379
2464 6160
21456 172
2547 10183
5979 919
8151 6339
6493 10176
17746 17477
21459 17042
2316 1247
44 28134
1668 416
1618 12747
1580 2871
17746 53920
4567 2654
1580 47894
17746 10311
11588 10178
7576 683
4834 584
1918 4564
4062 9708
5972 7047
3542 8182
20357 418
918 1056
5510 7896
6868 47776
6495 852
2316 3816
1436 154
2270 5270
5421 71380
850 9260
135 1758
1274 76
1567 2440
1668 6563
2464 12977
2318 1102
1390 1173
442 154
3501 3540
2242 5012
138 3672
11479 5780
3482 5950
10854 1750
14982 2098
2158 10185
850 6117
2888 4023
3692 154
517 5020
5758 3379
136 27745
32731 3328
9479 20693
4041 4562
1567 6402
1918 1765
918 684
418 10763
1730 108
1083 3672
13299 983
